[individuals]
1
[dimensions]
3
[landmarks]
71
[rawpoints]
'#1
1.173761e+000 1.658465e+001 7.689991e+000
1.146632e+001 1.580701e+001 1.953949e+000
5.698945e+000 1.348033e+001 4.140642e+000
7.189250e+000 6.327438e+000 7.135717e+000
7.308139e+000 2.806450e+000 1.066756e+001
9.663177e+000 2.808870e+000 9.594238e+000
3.468422e+000 1.673595e+001 4.498829e+000
7.358473e+000 1.662971e+001 2.293060e+000
7.493923e+000 1.918413e+001 6.751221e+000
7.946599e+000 1.895999e+001 7.746355e+000
8.379879e+000 1.842093e+001 8.622290e+000
8.597311e+000 1.748916e+001 9.196699e+000
4.876189e+000 1.861178e+001 8.111809e+000
4.217695e+000 1.819715e+001 8.409766e+000
3.670021e+000 1.761458e+001 8.644249e+000
3.547145e+000 1.680402e+001 8.793236e+000
1.017403e+001 1.813622e+001 5.297450e+000
1.073648e+001 1.763700e+001 4.846486e+000
1.111616e+001 1.694365e+001 4.466916e+000
1.097188e+001 1.609878e+001 4.281477e+000
3.832663e+000 1.608881e+001 9.985950e+000
1.725544e+000 1.400463e+001 9.633720e+000
2.229888e+000 1.216785e+001 7.335420e+000
3.447066e+000 9.921469e+000 5.792562e+000
1.179772e+001 1.549745e+001 4.963898e+000
1.245763e+001 1.276344e+001 4.201809e+000
1.021976e+001 1.142396e+001 2.900513e+000
7.923307e+000 9.708255e+000 3.422940e+000
4.114083e+000 1.410311e+001 1.110196e+001
1.931546e+000 1.249926e+001 1.014549e+001
1.606682e+000 1.101657e+001 7.706758e+000
1.234726e+001 1.320555e+001 6.253883e+000
1.247945e+001 1.139230e+001 4.255490e+000
1.053591e+001 1.012231e+001 2.873636e+000
4.777795e+000 1.185429e+001 1.160832e+001
2.582997e+000 1.091382e+001 1.035291e+001
1.788310e+000 1.007658e+001 7.914455e+000
1.211938e+001 1.104705e+001 7.261567e+000
1.201356e+001 9.690536e+000 5.233710e+000
1.026737e+001 9.061114e+000 3.646715e+000
6.638332e+000 6.674644e+000 1.122403e+001
4.487416e+000 8.126762e+000 1.050570e+001
3.412369e+000 8.471011e+000 8.061087e+000
1.008409e+001 6.439094e+000 9.078686e+000
1.092640e+001 7.390861e+000 6.787942e+000
9.444836e+000 8.015231e+000 4.719678e+000
6.013265e+000 5.391921e+000 1.148264e+001
8.018476e+000 5.172222e+000 1.130174e+001
9.801139e+000 4.990389e+000 1.035787e+001
1.105312e+001 5.023893e+000 8.766262e+000
3.492905e+000 1.553823e+001 5.480562e+000
4.622278e+000 1.506083e+001 3.995612e+000
6.322791e+000 1.485952e+001 3.114642e+000
8.213776e+000 1.509580e+001 2.838047e+000
1.161619e+001 8.743522e+000 8.310135e+000
9.850966e+000 1.648746e+001 8.101471e+000
1.074140e+001 1.310433e+001 8.849940e+000
1.068783e+001 1.093792e+001 9.221367e+000
1.049069e+001 8.702364e+000 9.641094e+000
9.745966e+000 6.431891e+000 9.802538e+000
8.861014e+000 1.363793e+001 1.019731e+001
9.016479e+000 1.257043e+001 1.049431e+001
9.143662e+000 1.103700e+001 1.074407e+001
9.140705e+000 9.000532e+000 1.071931e+001
8.921481e+000 6.468460e+000 1.031768e+001
7.100698e+000 1.673391e+001 1.005671e+001
6.924214e+000 1.352852e+001 1.128881e+001
7.122767e+000 1.133030e+001 1.143109e+001
7.473547e+000 9.033461e+000 1.143507e+001
7.915283e+000 6.547499e+000 1.079352e+001
5.636432e+000 9.400552e+000 1.172054e+001
