[individuals]
1
[dimensions]
3
[landmarks]
71
[rawpoints]
'#1
9.064522e+000 1.953734e+001 7.182604e+000
1.654072e+001 1.949302e+001 7.135541e+000
1.269855e+001 1.753248e+001 5.397923e+000
1.290525e+001 1.255254e+001 7.789373e+000
1.178102e+001 9.966412e+000 9.818754e+000
1.396283e+001 1.005076e+001 9.914650e+000
1.095912e+001 2.066359e+001 5.120173e+000
1.453200e+001 2.052745e+001 5.044682e+000
1.279936e+001 2.265111e+001 7.885102e+000
1.275418e+001 2.231921e+001 9.236582e+000
1.272398e+001 2.137830e+001 1.026255e+001
1.274300e+001 2.003858e+001 1.064133e+001
1.025633e+001 2.262392e+001 7.771002e+000
9.112605e+000 2.213428e+001 7.174099e+000
9.344418e+000 2.078941e+001 7.377963e+000
9.687676e+000 1.955067e+001 7.879888e+000
1.516714e+001 2.246627e+001 8.138041e+000
1.637939e+001 2.191678e+001 8.272191e+000
1.617665e+001 2.059986e+001 8.152799e+000
1.597062e+001 1.928189e+001 8.052809e+000
9.264940e+000 1.952066e+001 9.113652e+000
8.049169e+000 1.730987e+001 7.706761e+000
8.693032e+000 1.547550e+001 5.570041e+000
1.150702e+001 1.486188e+001 5.347386e+000
1.634903e+001 1.959904e+001 9.232730e+000
1.621701e+001 1.806223e+001 7.122713e+000
1.609571e+001 1.641775e+001 5.094514e+000
1.431279e+001 1.456323e+001 5.542728e+000
8.567261e+000 1.759474e+001 1.024809e+001
7.392020e+000 1.600262e+001 8.243276e+000
8.777361e+000 1.492450e+001 6.040202e+000
1.680218e+001 1.774115e+001 1.042488e+001
1.817934e+001 1.604990e+001 8.590858e+000
1.704654e+001 1.507245e+001 6.165370e+000
8.986032e+000 1.577023e+001 1.071532e+001
9.068974e+000 1.407600e+001 9.096011e+000
1.024879e+001 1.390004e+001 7.076938e+000
1.649715e+001 1.555073e+001 1.076455e+001
1.706923e+001 1.452444e+001 8.844636e+000
1.616550e+001 1.430469e+001 6.794755e+000
1.092433e+001 1.186639e+001 1.038731e+001
1.067279e+001 1.277148e+001 8.601304e+000
1.132876e+001 1.352380e+001 6.847427e+000
1.489634e+001 1.197211e+001 1.038200e+001
1.501954e+001 1.272487e+001 8.686215e+000
1.470578e+001 1.353939e+001 7.044325e+000
1.101132e+001 1.119918e+001 1.022836e+001
1.223383e+001 1.100075e+001 1.068730e+001
1.355263e+001 1.104979e+001 1.074103e+001
1.477137e+001 1.126555e+001 1.027991e+001
1.071303e+001 1.908454e+001 5.342732e+000
1.203840e+001 1.877584e+001 4.826073e+000
1.349193e+001 1.869769e+001 4.828967e+000
1.477312e+001 1.901965e+001 5.440183e+000
1.580485e+001 1.345835e+001 1.065824e+001
1.441131e+001 1.980024e+001 1.006433e+001
1.484126e+001 1.727890e+001 1.125476e+001
1.476907e+001 1.522169e+001 1.136859e+001
1.446503e+001 1.334027e+001 1.124936e+001
1.398275e+001 1.173558e+001 1.080410e+001
1.273301e+001 1.851616e+001 1.074913e+001
1.279813e+001 1.685559e+001 1.117713e+001
1.287064e+001 1.516054e+001 1.119228e+001
1.289999e+001 1.346052e+001 1.109560e+001
1.290735e+001 1.176123e+001 1.071674e+001
1.094952e+001 1.972279e+001 9.971423e+000
1.063599e+001 1.726457e+001 1.109514e+001
1.086123e+001 1.532778e+001 1.132357e+001
1.128766e+001 1.347413e+001 1.128847e+001
1.186980e+001 1.173352e+001 1.077735e+001
9.870393e+000 1.381771e+001 1.084462e+001
