[individuals]
1
[dimensions]
3
[landmarks]
71
[rawpoints]
'#1
2.842636e+000 1.288343e+001 4.341954e+000
1.070195e+001 1.400943e+001 3.463253e+000
6.764677e+000 1.192921e+001 1.880732e+000
7.742669e+000 6.154164e+000 3.861641e+000
7.304283e+000 3.227740e+000 5.670324e+000
9.493432e+000 3.629766e+000 5.453468e+000
4.484987e+000 1.463223e+001 2.123409e+000
8.301606e+000 1.501197e+001 1.816499e+000
6.296598e+000 1.685352e+001 5.122126e+000
6.473289e+000 1.663247e+001 6.428083e+000
6.665631e+000 1.574255e+001 7.406303e+000
6.903805e+000 1.449662e+001 7.826470e+000
3.815762e+000 1.622551e+001 4.944061e+000
2.805534e+000 1.549897e+001 5.451496e+000
2.819402e+000 1.418956e+001 5.753374e+000
3.287133e+000 1.326806e+001 6.612503e+000
9.268348e+000 1.688964e+001 4.634432e+000
1.035545e+001 1.634390e+001 4.325686e+000
1.019268e+001 1.509920e+001 4.318253e+000
1.023962e+001 1.384972e+001 4.427310e+000
3.526837e+000 1.275249e+001 5.128089e+000
4.053393e+000 1.130312e+001 3.389488e+000
5.059558e+000 1.047069e+001 1.494547e+000
5.746820e+000 8.251818e+000 1.762259e+000
1.044804e+001 1.430152e+001 5.941730e+000
1.175167e+001 1.228575e+001 4.149168e+000
1.066971e+001 1.091591e+001 1.714409e+000
8.673904e+000 8.702074e+000 1.412699e+000
3.150383e+000 1.196201e+001 7.713340e+000
2.211483e+000 1.050300e+001 5.056169e+000
2.700534e+000 8.556551e+000 2.597750e+000
1.182741e+001 1.193016e+001 6.924070e+000
1.302223e+001 1.084651e+001 4.148193e+000
1.138505e+001 1.042148e+001 1.419450e+000
3.954987e+000 1.017715e+001 8.279758e+000
4.033861e+000 7.256520e+000 7.233381e+000
4.899771e+000 6.690633e+000 4.307224e+000
1.161600e+001 9.587804e+000 6.974623e+000
1.194268e+001 8.559243e+000 4.721219e+000
1.093877e+001 8.447210e+000 2.436086e+000
6.147610e+000 4.838780e+000 6.673162e+000
5.485633e+000 5.827220e+000 4.983369e+000
5.868816e+000 6.745859e+000 3.172251e+000
1.022564e+001 5.587956e+000 6.415327e+000
1.017370e+001 6.424262e+000 4.520303e+000
9.439441e+000 7.456012e+000 2.880410e+000
5.931931e+000 4.626060e+000 6.096931e+000
7.317850e+000 4.447403e+000 6.969437e+000
8.937264e+000 4.729614e+000 6.860807e+000
1.039317e+001 5.079259e+000 6.173655e+000
4.906075e+000 1.257812e+001 2.256765e+000
6.124010e+000 1.254264e+001 1.635095e+000
7.465252e+000 1.271051e+001 1.425111e+000
8.618555e+000 1.316516e+001 2.003400e+000
1.102225e+001 7.212008e+000 6.757492e+000
8.459152e+000 1.423499e+001 7.150668e+000
9.701775e+000 1.095562e+001 8.199674e+000
9.885777e+000 8.678918e+000 7.956316e+000
9.749819e+000 6.824719e+000 7.508994e+000
9.362249e+000 5.346684e+000 6.837050e+000
7.387661e+000 1.221006e+001 8.049302e+000
7.650969e+000 1.036839e+001 8.283731e+000
7.899198e+000 8.595409e+000 8.094407e+000
8.111305e+000 6.895195e+000 7.578900e+000
8.298615e+000 5.237548e+000 6.796290e+000
5.179293e+000 1.363322e+001 7.271756e+000
5.319140e+000 1.102738e+001 8.630075e+000
5.910982e+000 8.998963e+000 8.559910e+000
6.579905e+000 7.018045e+000 7.938692e+000
7.177081e+000 5.008821e+000 7.042211e+000
5.202150e+000 7.515585e+000 7.962670e+000
