[individuals]
1
[dimensions]
3
[landmarks]
71
[rawpoints]
'#1
5.673709e+000 5.804678e+001 1.682104e+001
3.795663e+001 5.595770e+001 1.420421e+001
2.178268e+001 4.622453e+001 9.720730e+000
1.977295e+001 1.838305e+001 2.046219e+001
1.559790e+001 3.566912e+000 3.222086e+001
2.408540e+001 3.707256e+000 3.131996e+001
1.396092e+001 5.965105e+001 7.454994e+000
2.821559e+001 5.876301e+001 5.954788e+000
2.232327e+001 6.573879e+001 1.640345e+001
2.257836e+001 6.640217e+001 2.072292e+001
2.276085e+001 6.636088e+001 2.509664e+001
2.296942e+001 6.441772e+001 2.901394e+001
1.346822e+001 6.595743e+001 2.322561e+001
1.067056e+001 6.449963e+001 2.112281e+001
8.931717e+000 6.134056e+001 1.995168e+001
8.660736e+000 5.757654e+001 2.031677e+001
3.162914e+001 6.470220e+001 2.260129e+001
3.444531e+001 6.316911e+001 1.945331e+001
3.588620e+001 5.927883e+001 1.772699e+001
3.554982e+001 5.479810e+001 1.777727e+001
1.169649e+001 5.353370e+001 2.533235e+001
4.686707e+000 4.697582e+001 2.120538e+001
1.057546e+001 4.216937e+001 1.396034e+001
1.279445e+001 3.206810e+001 1.227880e+001
3.422581e+001 5.251557e+001 2.179590e+001
3.738290e+001 4.472192e+001 1.759214e+001
3.148693e+001 4.051414e+001 1.159625e+001
2.635423e+001 3.270961e+001 1.051997e+001
7.448402e+000 4.579067e+001 3.087807e+001
3.313179e+000 4.176708e+001 2.314141e+001
6.238501e+000 3.881522e+001 1.443100e+001
3.743971e+001 4.180608e+001 2.685516e+001
3.892900e+001 3.816006e+001 1.888999e+001
3.430432e+001 3.656289e+001 1.147250e+001
8.138238e+000 3.554797e+001 3.204398e+001
3.865934e+000 3.372495e+001 2.454550e+001
5.050766e+000 3.435680e+001 1.582753e+001
3.510947e+001 3.220975e+001 2.924050e+001
3.699557e+001 3.121198e+001 2.092115e+001
3.448509e+001 3.101954e+001 1.270992e+001
1.445773e+001 1.463875e+001 3.164066e+001
1.132745e+001 2.047474e+001 2.557899e+001
1.309937e+001 2.540726e+001 1.829049e+001
2.565566e+001 1.448045e+001 2.971172e+001
2.852423e+001 1.945746e+001 2.265963e+001
2.728244e+001 2.547439e+001 1.595321e+001
1.075132e+001 8.728308e+000 3.059322e+001
1.630573e+001 6.951507e+000 3.447700e+001
2.324143e+001 6.418157e+000 3.363774e+001
2.903399e+001 6.401968e+000 2.969551e+001
1.245970e+001 5.406793e+001 1.305984e+001
1.703310e+001 5.148295e+001 7.931262e+000
2.435359e+001 5.136717e+001 7.387788e+000
2.986790e+001 5.301282e+001 1.194647e+001
3.233957e+001 2.219557e+001 2.949720e+001
2.788780e+001 5.502731e+001 2.743414e+001
3.053613e+001 4.060367e+001 3.480065e+001
2.929539e+001 3.047142e+001 3.574260e+001
2.702257e+001 2.160386e+001 3.460944e+001
2.371106e+001 1.371498e+001 3.256940e+001
2.315771e+001 4.790495e+001 3.450982e+001
2.302458e+001 3.928905e+001 3.760596e+001
2.256457e+001 3.064918e+001 3.795231e+001
2.187064e+001 2.223886e+001 3.638500e+001
2.089765e+001 1.374699e+001 3.324975e+001
1.780946e+001 5.472292e+001 2.832267e+001
1.509600e+001 4.257773e+001 3.660600e+001
1.537336e+001 3.225711e+001 3.738049e+001
1.617006e+001 2.294126e+001 3.634779e+001
1.762023e+001 1.395919e+001 3.361264e+001
1.034019e+001 2.503391e+001 3.296217e+001
