[individuals]
1
[dimensions]
3
[landmarks]
71
[rawpoints]
'#1
-9.556470e+000 2.078543e+000 -3.428691e+001
1.353246e+001 1.507608e+000 -3.813824e+001
1.055489e+000 -4.051298e+000 -4.255710e+001
2.118722e+000 -2.213699e+001 -3.499680e+001
1.959700e-002 -3.333998e+001 -2.873154e+001
4.103378e+000 -3.340568e+001 -2.892084e+001
-2.833702e+000 2.255123e+000 -4.288902e+001
6.110635e+000 1.591896e+000 -4.364259e+001
1.796634e+000 7.068829e+000 -3.626570e+001
2.036242e+000 7.648166e+000 -3.283982e+001
2.259076e+000 6.665008e+000 -2.950611e+001
2.511828e+000 4.566156e+000 -2.673834e+001
-2.966516e+000 6.323853e+000 -3.199182e+001
-4.875704e+000 5.916356e+000 -3.293218e+001
-6.417589e+000 4.659025e+000 -3.379076e+001
-7.782261e+000 2.981922e+000 -3.393206e+001
7.310704e+000 6.108063e+000 -3.318158e+001
9.258259e+000 5.388030e+000 -3.426306e+001
1.079133e+001 3.872596e+000 -3.517644e+001
1.180684e+001 1.765781e+000 -3.528034e+001
-8.795282e+000 -9.468079e-001 -3.149666e+001
-1.092530e+001 -6.974458e+000 -3.453563e+001
-8.241823e+000 -1.104928e+001 -3.966362e+001
-2.000926e+000 -1.401019e+001 -4.120796e+001
1.301059e+001 -1.075359e+000 -3.302718e+001
1.466695e+001 -7.179128e+000 -3.630021e+001
1.078993e+001 -1.051255e+001 -4.125688e+001
4.523226e+000 -1.382716e+001 -4.192857e+001
-1.001918e+001 -7.260407e+000 -2.900771e+001
-1.106311e+001 -1.040421e+001 -3.447805e+001
-8.081920e+000 -1.313790e+001 -3.943147e+001
1.430900e+001 -7.586749e+000 -3.006860e+001
1.374368e+001 -1.300185e+001 -3.415472e+001
1.077653e+001 -1.543955e+001 -3.977517e+001
-8.420738e+000 -1.377399e+001 -2.775228e+001
-8.583179e+000 -1.452052e+001 -3.333654e+001
-6.505933e+000 -1.589355e+001 -3.839294e+001
1.289719e+001 -1.412440e+001 -2.817735e+001
1.225734e+001 -1.463046e+001 -3.430024e+001
9.972694e+000 -1.590688e+001 -3.989532e+001
-3.065314e+000 -2.659695e+001 -2.710405e+001
-3.661265e+000 -2.255902e+001 -3.198089e+001
-2.390832e+000 -1.828897e+001 -3.651921e+001
7.801285e+000 -2.723431e+001 -2.770861e+001
7.771291e+000 -2.261808e+001 -3.251307e+001
5.644183e+000 -1.835970e+001 -3.717530e+001
-4.772616e+000 -2.809052e+001 -2.751010e+001
-8.773572e-002 -2.932870e+001 -2.630260e+001
4.885624e+000 -2.900864e+001 -2.662240e+001
9.240065e+000 -2.847021e+001 -2.900731e+001
-5.055536e+000 -5.948540e-001 -3.990256e+001
-1.232994e+000 -1.618352e+000 -4.258007e+001
3.504293e+000 -1.358145e+000 -4.314347e+001
7.434310e+000 -6.073930e-001 -4.053180e+001
1.104253e+001 -2.023929e+001 -2.738934e+001
6.606646e+000 2.591188e+000 -2.908576e+001
9.177122e+000 -8.026069e+000 -2.290164e+001
8.617517e+000 -1.564920e+001 -2.277671e+001
7.054967e+000 -2.150622e+001 -2.450039e+001
5.220812e+000 -2.787247e+001 -2.611306e+001
2.710952e+000 -2.988094e+000 -2.366105e+001
3.004002e+000 -9.395203e+000 -2.146228e+001
3.204479e+000 -1.570500e+001 -2.185866e+001
2.946476e+000 -2.169958e+001 -2.326484e+001
2.297575e+000 -2.762628e+001 -2.597458e+001
-1.278615e+000 2.724752e+000 -2.852065e+001
-4.675811e+000 -7.614396e+000 -2.231484e+001
-3.606563e+000 -1.567609e+001 -2.208328e+001
-1.733600e+000 -2.172430e+001 -2.385693e+001
-6.480747e-001 -2.759877e+001 -2.582714e+001
-6.608300e+000 -2.030295e+001 -2.698070e+001
