[individuals]
1
[dimensions]
3
[landmarks]
71
[rawpoints]
'#1
1.886542e+001 8.855254e+001 1.596878e+001
5.216395e+001 8.560676e+001 1.663510e+001
3.692952e+001 7.359750e+001 8.898792e+000
3.400044e+001 4.419947e+001 2.653703e+001
2.632634e+001 2.976928e+001 3.490500e+001
3.579597e+001 3.031988e+001 3.719031e+001
3.354958e+001 9.436195e+001 5.221985e+000
4.528682e+001 9.260092e+001 4.049828e+000
3.618398e+001 9.634949e+001 1.511184e+001
3.630360e+001 9.758983e+001 2.144726e+001
3.595130e+001 9.656871e+001 2.781313e+001
3.425120e+001 9.129253e+001 3.112350e+001
2.385740e+001 9.390390e+001 2.174438e+001
2.116314e+001 9.341696e+001 2.047330e+001
1.984817e+001 9.100980e+001 1.922545e+001
2.021156e+001 8.802129e+001 1.892695e+001
4.556916e+001 9.326671e+001 2.282727e+001
4.992410e+001 9.210092e+001 2.012640e+001
5.256153e+001 8.763626e+001 2.033321e+001
4.849672e+001 8.450967e+001 1.863981e+001
1.962686e+001 7.989182e+001 2.003372e+001
1.865985e+001 7.191127e+001 1.636806e+001
2.294626e+001 6.710312e+001 1.055383e+001
2.706252e+001 5.926694e+001 1.169883e+001
5.189262e+001 7.586706e+001 2.093583e+001
5.332375e+001 6.875402e+001 1.689392e+001
5.061028e+001 6.321406e+001 1.125386e+001
4.597498e+001 5.638906e+001 1.147546e+001
1.732815e+001 6.966381e+001 2.402236e+001
1.733587e+001 6.665525e+001 1.777027e+001
2.265948e+001 6.401756e+001 1.418599e+001
5.328934e+001 6.752798e+001 2.573554e+001
5.402218e+001 6.358887e+001 1.959912e+001
5.185460e+001 6.031079e+001 1.341348e+001
1.733707e+001 6.065195e+001 2.718551e+001
1.797193e+001 6.007500e+001 2.057472e+001
2.121495e+001 6.022560e+001 1.475249e+001
5.107370e+001 5.937096e+001 2.917433e+001
5.263812e+001 5.782748e+001 2.259211e+001
5.134525e+001 5.682126e+001 1.584881e+001
2.223102e+001 4.334624e+001 3.186096e+001
2.327255e+001 4.866622e+001 2.498101e+001
2.483755e+001 5.330863e+001 1.772063e+001
4.098960e+001 4.253150e+001 3.344595e+001
4.437685e+001 4.677438e+001 2.636617e+001
4.454493e+001 5.151219e+001 1.880793e+001
2.346061e+001 3.798046e+001 3.707780e+001
2.920402e+001 3.777455e+001 3.848225e+001
3.510071e+001 3.819397e+001 3.871878e+001
4.025783e+001 3.744263e+001 3.591856e+001
2.784816e+001 8.236523e+001 7.382530e+000
3.499120e+001 8.267293e+001 6.096387e+000
4.224605e+001 8.297072e+001 5.870804e+000
4.836781e+001 8.405034e+001 9.629723e+000
4.693697e+001 5.105596e+001 3.221269e+001
3.932177e+001 8.181881e+001 2.899939e+001
4.207221e+001 6.818993e+001 3.427411e+001
4.093833e+001 5.889779e+001 3.546531e+001
3.938268e+001 5.037059e+001 3.749436e+001
3.622362e+001 4.250454e+001 3.724022e+001
3.297606e+001 7.466080e+001 3.251389e+001
3.247300e+001 6.697503e+001 3.592435e+001
3.195490e+001 5.895306e+001 3.727404e+001
3.137464e+001 5.084460e+001 3.785261e+001
3.074802e+001 4.259101e+001 3.682124e+001
2.924130e+001 8.260785e+001 2.896089e+001
2.469859e+001 6.908803e+001 3.278218e+001
2.409778e+001 5.953872e+001 3.448327e+001
2.440964e+001 5.078201e+001 3.546215e+001
2.596311e+001 4.286458e+001 3.592681e+001
1.828986e+001 5.180511e+001 2.985680e+001
