[individuals]
1
[dimensions]
3
[landmarks]
71
[rawpoints]
'#1
2.045467e+001 1.337340e+001 -2.906644e+001
1.781399e+000 1.349111e+001 -2.906882e+001
1.120573e+001 1.489460e+001 -2.392685e+001
1.040246e+001 8.496870e+000 -9.307270e+000
1.140017e+001 3.249825e+000 -1.834805e+000
8.211027e+000 3.668728e+000 -1.812032e+000
1.427950e+001 1.621490e+001 -3.091898e+001
7.969442e+000 1.632524e+001 -3.088825e+001
1.089521e+001 1.061476e+001 -3.305364e+001
1.089112e+001 8.432734e+000 -3.290804e+001
1.088652e+001 6.453540e+000 -3.197790e+001
1.088205e+001 5.139687e+000 -3.022983e+001
1.570801e+001 1.044337e+001 -3.155543e+001
1.706287e+001 1.032412e+001 -3.079207e+001
1.739483e+001 1.024082e+001 -2.927032e+001
1.755410e+001 1.013273e+001 -2.772254e+001
6.505329e+000 9.757048e+000 -3.179048e+001
5.120117e+000 1.006683e+001 -3.143069e+001
4.381580e+000 1.023756e+001 -3.017776e+001
4.310732e+000 1.027910e+001 -2.871576e+001
1.822640e+001 8.512993e+000 -2.642707e+001
1.953860e+001 1.098694e+001 -2.299557e+001
1.691174e+001 1.388121e+001 -2.091160e+001
1.400522e+001 1.439931e+001 -1.760983e+001
3.680542e+000 8.424465e+000 -2.706707e+001
2.059817e+000 1.121680e+001 -2.364123e+001
3.884711e+000 1.350078e+001 -1.995131e+001
7.710233e+000 1.421070e+001 -1.730159e+001
1.840262e+001 6.852901e+000 -2.235895e+001
1.896242e+001 1.019466e+001 -2.033439e+001
1.742993e+001 1.372391e+001 -1.945228e+001
3.122397e+000 6.811155e+000 -2.369675e+001
2.656407e+000 9.842992e+000 -2.103435e+001
4.161739e+000 1.264756e+001 -1.851121e+001
1.720689e+001 6.166916e+000 -1.829083e+001
1.755410e+001 9.260376e+000 -1.707013e+001
1.672448e+001 1.249681e+001 -1.720262e+001
3.788976e+000 5.756490e+000 -1.937688e+001
3.776407e+000 8.819957e+000 -1.768007e+001
5.108100e+000 1.192815e+001 -1.676907e+001
1.355987e+001 5.684229e+000 -1.015458e+001
1.472232e+001 8.484944e+000 -1.262977e+001
1.434612e+001 1.176187e+001 -1.473758e+001
7.160161e+000 5.510426e+000 -1.048802e+001
6.367458e+000 8.476532e+000 -1.267831e+001
7.047336e+000 1.162988e+001 -1.463247e+001
1.443526e+001 3.989712e+000 -6.416078e+000
1.189514e+001 2.265977e+000 -6.398639e+000
8.825759e+000 2.290286e+000 -6.433867e+000
6.110311e+000 3.701923e+000 -6.674338e+000
1.541392e+001 1.435901e+001 -2.734776e+001
1.266759e+001 1.610664e+001 -2.695792e+001
9.404949e+000 1.615063e+001 -2.727596e+001
6.585054e+000 1.450109e+001 -2.755186e+001
5.333223e+000 5.362643e+000 -1.478969e+001
7.904118e+000 5.953939e+000 -2.742254e+001
6.705507e+000 3.613186e+000 -2.218033e+001
6.937889e+000 3.838273e+000 -1.776216e+001
7.616373e+000 3.816686e+000 -1.379181e+001
8.676779e+000 4.122016e+000 -1.006785e+001
1.025037e+001 4.103050e+000 -2.389149e+001
1.025676e+001 3.358786e+000 -2.057914e+001
1.022477e+001 3.332074e+000 -1.703931e+001
1.028705e+001 3.511586e+000 -1.349499e+001
1.039808e+001 4.071187e+000 -9.872213e+000
1.376972e+001 5.883576e+000 -2.758964e+001
1.483500e+001 3.601773e+000 -2.139029e+001
1.394876e+001 3.718602e+000 -1.715210e+001
1.321479e+001 3.608650e+000 -1.330737e+001
1.216736e+001 4.097812e+000 -9.901126e+000
1.560731e+001 5.737778e+000 -1.401097e+001
