[individuals]
1
[dimensions]
3
[landmarks]
71
[rawpoints]
'#1
3.606752e+000 2.429446e+001 7.459526e+000
1.466958e+001 2.398258e+001 7.839207e+000
9.074908e+000 2.011750e+001 6.430029e+000
8.809940e+000 1.528261e+001 1.070278e+001
7.390493e+000 1.293708e+001 1.378559e+001
1.023368e+001 1.277712e+001 1.388297e+001
7.228522e+000 2.371754e+001 4.451739e+000
1.114862e+001 2.358625e+001 4.487013e+000
9.162642e+000 2.685096e+001 6.857501e+000
9.167123e+000 2.732518e+001 8.466307e+000
9.171465e+000 2.705478e+001 1.012167e+001
9.175872e+000 2.595087e+001 1.138445e+001
6.389666e+000 2.686118e+001 8.066463e+000
5.404637e+000 2.652366e+001 7.836431e+000
4.724318e+000 2.573018e+001 7.625137e+000
4.689893e+000 2.468241e+001 7.820201e+000
1.177238e+001 2.665623e+001 8.214037e+000
1.297249e+001 2.625070e+001 7.742922e+000
1.373047e+001 2.517601e+001 7.431350e+000
1.356948e+001 2.415521e+001 8.302284e+000
4.377575e+000 2.452607e+001 9.038679e+000
3.332416e+000 2.158803e+001 8.157187e+000
5.626085e+000 1.957379e+001 7.069187e+000
7.910603e+000 1.731417e+001 6.647708e+000
1.384556e+001 2.415323e+001 9.224991e+000
1.426159e+001 2.153803e+001 7.907692e+000
1.221403e+001 1.956878e+001 7.084499e+000
1.054442e+001 1.723453e+001 6.368892e+000
3.721453e+000 2.265920e+001 1.110308e+001
2.988881e+000 2.022278e+001 9.035489e+000
4.883778e+000 1.853447e+001 6.960275e+000
1.429240e+001 2.245278e+001 1.111515e+001
1.515526e+001 2.002310e+001 9.295367e+000
1.330491e+001 1.847961e+001 7.257243e+000
4.136007e+000 2.058835e+001 1.270478e+001
3.989409e+000 1.830933e+001 1.064963e+001
5.320068e+000 1.692349e+001 8.252243e+000
1.396420e+001 2.017247e+001 1.239853e+001
1.417265e+001 1.816408e+001 1.029707e+001
1.297377e+001 1.692359e+001 7.948189e+000
7.036761e+000 1.565546e+001 1.411173e+001
6.053637e+000 1.602925e+001 1.155498e+001
7.202405e+000 1.612735e+001 9.042223e+000
1.109577e+001 1.539062e+001 1.415355e+001
1.174059e+001 1.571908e+001 1.149321e+001
1.103389e+001 1.617888e+001 8.868298e+000
6.376934e+000 1.419409e+001 1.366384e+001
7.699135e+000 1.375442e+001 1.470279e+001
9.436525e+000 1.373820e+001 1.475011e+001
1.109211e+001 1.401574e+001 1.429937e+001
6.251130e+000 2.228318e+001 5.604772e+000
8.105237e+000 2.171577e+001 4.883941e+000
1.017107e+001 2.164734e+001 4.967010e+000
1.201714e+001 2.208257e+001 5.792679e+000
1.287761e+001 1.769554e+001 1.331781e+001
1.114794e+001 2.541091e+001 1.062930e+001
1.219836e+001 2.240122e+001 1.352866e+001
1.179025e+001 1.984836e+001 1.423132e+001
1.110064e+001 1.760848e+001 1.458104e+001
1.014876e+001 1.562177e+001 1.449910e+001
9.088391e+000 2.357278e+001 1.293203e+001
9.105114e+000 2.173816e+001 1.401024e+001
9.055914e+000 1.976048e+001 1.449050e+001
9.049030e+000 1.775450e+001 1.458579e+001
9.092607e+000 1.570966e+001 1.440602e+001
6.902805e+000 2.545644e+001 1.048366e+001
6.298691e+000 2.257693e+001 1.371325e+001
6.585826e+000 2.007816e+001 1.435757e+001
7.128202e+000 1.787507e+001 1.467642e+001
7.976418e+000 1.577294e+001 1.447632e+001
5.353966e+000 1.827298e+001 1.371473e+001
