[individuals]
1
[dimensions]
3
[landmarks]
71
[rawpoints]
'#1
1.908778e+000 1.102573e+001 8.395933e+000
1.186050e+001 1.099063e+001 7.773731e+000
6.682737e+000 8.185324e+000 6.227784e+000
6.769933e+000 3.701225e+000 8.180053e+000
5.919339e+000 -3.283160e-001 1.132390e+001
7.620888e+000 -3.463380e-001 1.163120e+001
4.728360e+000 1.123311e+001 5.135252e+000
8.677130e+000 1.109926e+001 4.955763e+000
6.793389e+000 1.378431e+001 7.797528e+000
6.850054e+000 1.393067e+001 9.599222e+000
6.908170e+000 1.333366e+001 1.130540e+001
6.947551e+000 1.189906e+001 1.240588e+001
4.169824e+000 1.327090e+001 9.420954e+000
3.470980e+000 1.291710e+001 9.075037e+000
2.910064e+000 1.236950e+001 8.730453e+000
2.813709e+000 1.152851e+001 8.859372e+000
9.272470e+000 1.341079e+001 9.310506e+000
1.002590e+001 1.299848e+001 9.028042e+000
1.072846e+001 1.252048e+001 8.719212e+000
1.097867e+001 1.165843e+001 8.611309e+000
2.500333e+000 1.099109e+001 1.011578e+001
1.210180e+000 8.982346e+000 8.944389e+000
2.569600e+000 7.599694e+000 7.124579e+000
4.266528e+000 5.925175e+000 5.946390e+000
1.116880e+001 1.093254e+001 1.030293e+001
1.241595e+001 9.333620e+000 8.475122e+000
1.111877e+001 7.559636e+000 6.855629e+000
9.371740e+000 5.668580e+000 5.947552e+000
2.027539e+000 8.850348e+000 1.094304e+001
1.057317e+000 8.070146e+000 8.840749e+000
2.385668e+000 6.944066e+000 7.127032e+000
1.178040e+001 8.860831e+000 1.085308e+001
1.253742e+001 7.758502e+000 8.820754e+000
1.130039e+001 6.700082e+000 7.013046e+000
2.176837e+000 6.866120e+000 1.146088e+001
1.595347e+000 6.290859e+000 9.369354e+000
2.500683e+000 6.043973e+000 7.328911e+000
1.160382e+001 6.746463e+000 1.126297e+001
1.202718e+001 6.180236e+000 9.197865e+000
1.112159e+001 5.845743e+000 7.240267e+000
3.544358e+000 2.928101e+000 1.195580e+001
2.756071e+000 3.906153e+000 9.861312e+000
2.881687e+000 4.732137e+000 7.566188e+000
9.977451e+000 2.832953e+000 1.206751e+001
1.061777e+001 3.547496e+000 9.856862e+000
1.050354e+001 4.288299e+000 7.566504e+000
3.132576e+000 2.123451e+000 1.130486e+001
5.339386e+000 1.477465e+000 1.293554e+001
8.157606e+000 1.489901e+000 1.299880e+001
1.040172e+001 1.902128e+000 1.134329e+001
4.228878e+000 9.909060e+000 6.215654e+000
5.812856e+000 9.376683e+000 5.403165e+000
7.669919e+000 9.324759e+000 5.369606e+000
9.314455e+000 9.843728e+000 6.061415e+000
1.101993e+001 4.691095e+000 1.174476e+001
8.791389e+000 1.205037e+001 1.190800e+001
9.646365e+000 8.690303e+000 1.324176e+001
9.557322e+000 6.385571e+000 1.348089e+001
9.273141e+000 4.349485e+000 1.344759e+001
8.696223e+000 2.517494e+000 1.303217e+001
7.125946e+000 1.016733e+001 1.320027e+001
7.135071e+000 8.257826e+000 1.373984e+001
7.092832e+000 6.360322e+000 1.385498e+001
7.013422e+000 4.452211e+000 1.367453e+001
6.873694e+000 2.605577e+000 1.298969e+001
4.946587e+000 1.207535e+001 1.192643e+001
4.429373e+000 8.722593e+000 1.336093e+001
4.515355e+000 6.424705e+000 1.360189e+001
4.734214e+000 4.416287e+000 1.354418e+001
5.188801e+000 2.596437e+000 1.300076e+001
2.624654e+000 4.866469e+000 1.190327e+001
