[individuals]
1
[dimensions]
3
[landmarks]
71
[rawpoints]
'#1
8.930014e+000 4.983450e+001 1.728361e+001
2.752175e+001 4.951180e+001 1.725336e+001
1.809523e+001 4.375752e+001 1.636270e+001
1.834431e+001 3.259063e+001 2.281520e+001
1.610576e+001 2.493527e+001 2.799808e+001
1.992353e+001 2.492915e+001 2.817334e+001
1.526401e+001 5.051894e+001 1.342068e+001
2.104817e+001 5.064793e+001 1.336603e+001
1.790666e+001 5.454707e+001 1.829787e+001
1.792854e+001 5.469984e+001 2.025106e+001
1.795131e+001 5.427467e+001 2.216344e+001
1.799890e+001 5.282621e+001 2.348185e+001
1.351921e+001 5.363774e+001 1.939178e+001
1.203659e+001 5.295928e+001 1.906927e+001
1.081826e+001 5.184618e+001 1.887136e+001
1.147195e+001 5.033509e+001 1.909923e+001
2.257665e+001 5.363562e+001 1.956173e+001
2.422783e+001 5.297443e+001 1.878796e+001
2.534485e+001 5.154454e+001 1.810271e+001
2.447091e+001 4.986734e+001 1.853328e+001
9.394162e+000 4.779814e+001 2.016021e+001
8.482154e+000 4.358594e+001 1.808193e+001
1.198064e+001 4.122537e+001 1.582740e+001
1.595575e+001 3.876040e+001 1.683646e+001
2.662692e+001 4.853214e+001 2.049881e+001
2.810214e+001 4.361597e+001 1.940854e+001
2.474314e+001 4.138803e+001 1.604848e+001
2.039487e+001 3.858681e+001 1.693377e+001
9.122044e+000 4.413416e+001 2.280731e+001
9.085073e+000 4.116390e+001 1.952527e+001
1.162465e+001 3.950253e+001 1.630273e+001
2.695829e+001 4.425649e+001 2.348060e+001
2.747089e+001 4.143948e+001 1.978899e+001
2.488781e+001 3.970193e+001 1.630540e+001
1.063644e+001 4.023050e+001 2.479124e+001
1.028039e+001 3.850238e+001 2.104768e+001
1.202343e+001 3.760159e+001 1.740357e+001
2.542150e+001 4.020690e+001 2.523535e+001
2.583102e+001 3.818652e+001 2.156272e+001
2.427944e+001 3.719449e+001 1.777518e+001
1.546939e+001 3.177650e+001 2.733160e+001
1.380108e+001 3.409518e+001 2.392115e+001
1.507588e+001 3.575349e+001 1.999480e+001
2.080157e+001 3.174004e+001 2.717206e+001
2.227086e+001 3.379776e+001 2.369644e+001
2.105245e+001 3.567720e+001 2.002816e+001
1.465127e+001 2.873494e+001 2.784682e+001
1.659392e+001 2.878125e+001 2.953237e+001
1.916402e+001 2.870246e+001 2.960654e+001
2.139869e+001 2.857304e+001 2.833894e+001
1.338889e+001 4.804927e+001 1.576494e+001
1.640305e+001 4.729354e+001 1.426773e+001
1.985214e+001 4.724746e+001 1.428471e+001
2.282850e+001 4.808275e+001 1.581509e+001
2.345663e+001 3.584245e+001 2.690432e+001
2.109267e+001 5.108419e+001 2.311287e+001
2.290166e+001 4.425513e+001 2.748754e+001
2.201208e+001 3.956749e+001 2.799968e+001
2.096681e+001 3.542365e+001 2.818120e+001
1.987288e+001 3.174817e+001 2.805086e+001
1.820391e+001 4.664827e+001 2.701019e+001
1.834073e+001 4.305479e+001 2.831619e+001
1.839097e+001 3.935938e+001 2.881868e+001
1.837053e+001 3.560479e+001 2.864013e+001
1.833804e+001 3.176578e+001 2.790861e+001
1.468877e+001 5.098476e+001 2.302292e+001
1.371475e+001 4.422663e+001 2.747115e+001
1.450707e+001 3.955123e+001 2.810891e+001
1.552540e+001 3.548779e+001 2.824566e+001
1.685535e+001 3.181509e+001 2.827052e+001
1.258651e+001 3.597541e+001 2.642426e+001
