[individuals]
1
[dimensions]
3
[landmarks]
71
[rawpoints]
'#1
9.748000e-001 1.543777e+001 3.808921e+000
1.265330e+001 1.559488e+001 4.191259e+000
6.855806e+000 1.297291e+001 2.805006e+000
6.537719e+000 7.334357e+000 6.774132e+000
5.523009e+000 3.927477e+000 9.628226e+000
7.647361e+000 4.048458e+000 9.857680e+000
4.666134e+000 1.598625e+001 1.740183e+000
8.988875e+000 1.581105e+001 1.722769e+000
6.835413e+000 1.962939e+001 4.396097e+000
6.893552e+000 1.960541e+001 6.123973e+000
6.863149e+000 1.903788e+001 7.756980e+000
6.809639e+000 1.762850e+001 8.757071e+000
4.223254e+000 1.879781e+001 5.929268e+000
3.128989e+000 1.839985e+001 5.880640e+000
2.351991e+000 1.753240e+001 5.835295e+000
2.052238e+000 1.640709e+001 5.789672e+000
9.468466e+000 1.864901e+001 5.850118e+000
1.057175e+001 1.814020e+001 5.770308e+000
1.143887e+001 1.728551e+001 5.755357e+000
1.169419e+001 1.609597e+001 5.706250e+000
1.058252e+000 1.510784e+001 5.398561e+000
1.347169e+000 1.292153e+001 4.177299e+000
3.414976e+000 1.151851e+001 3.844302e+000
5.168266e+000 9.758197e+000 3.417137e+000
1.242453e+001 1.514675e+001 5.767624e+000
1.256640e+001 1.282674e+001 4.374691e+000
1.032568e+001 1.137408e+001 3.914101e+000
8.379553e+000 9.556096e+000 3.413090e+000
7.330608e-001 1.288870e+001 7.151773e+000
6.783040e-001 1.149135e+001 4.928125e+000
2.698213e+000 1.065022e+001 3.474254e+000
1.262974e+001 1.325179e+001 7.660979e+000
1.283099e+001 1.120884e+001 5.729074e+000
1.110985e+001 1.016946e+001 3.753143e+000
1.458099e+000 1.068207e+001 8.524306e+000
1.470805e+000 1.015410e+001 6.045480e+000
2.672517e+000 9.720622e+000 3.856578e+000
1.204456e+001 1.114396e+001 8.918556e+000
1.176360e+001 9.760562e+000 6.690761e+000
1.082973e+001 9.150161e+000 4.300864e+000
4.567663e+000 6.477001e+000 1.018259e+001
4.061636e+000 7.447946e+000 7.850117e+000
4.709066e+000 8.347021e+000 5.523623e+000
8.753878e+000 6.401427e+000 1.000542e+001
9.141658e+000 7.243981e+000 7.711649e+000
8.748815e+000 8.274869e+000 5.497175e+000
4.097740e+000 5.705518e+000 9.831030e+000
5.663573e+000 5.200979e+000 1.060237e+001
7.478745e+000 5.120890e+000 1.059639e+001
9.050862e+000 5.383012e+000 9.723913e+000
4.104099e+000 1.487598e+001 2.538351e+000
5.862252e+000 1.440794e+001 1.909608e+000
7.784916e+000 1.433901e+001 1.973600e+000
9.567337e+000 1.464241e+001 2.634270e+000
1.082141e+001 8.772874e+000 9.823055e+000
8.714247e+000 1.721016e+001 8.142115e+000
9.887651e+000 1.374895e+001 1.091469e+001
9.608577e+000 1.101455e+001 1.116230e+001
8.911713e+000 8.591885e+000 1.102891e+001
7.826652e+000 6.336199e+000 1.061314e+001
6.769538e+000 1.533715e+001 1.035998e+001
6.881635e+000 1.316825e+001 1.134071e+001
6.915405e+000 1.087946e+001 1.154025e+001
6.870849e+000 8.634235e+000 1.129295e+001
6.747966e+000 6.380076e+000 1.065578e+001
4.494148e+000 1.732970e+001 7.869229e+000
3.390151e+000 1.379186e+001 1.091435e+001
3.911964e+000 1.090449e+001 1.118278e+001
4.630616e+000 8.447359e+000 1.120140e+001
5.629647e+000 6.391937e+000 1.069049e+001
2.581760e+000 8.523119e+000 9.603016e+000
