[individuals]
1
[dimensions]
3
[landmarks]
71
[rawpoints]
'#1
3.882153e+000 5.194532e+001 7.456394e+000
2.341952e+001 5.196573e+001 6.487709e+000
1.349482e+001 4.665060e+001 4.279541e+000
1.329599e+001 3.320136e+001 9.382839e+000
1.088577e+001 2.605312e+001 1.436492e+001
1.482704e+001 2.574816e+001 1.488045e+001
1.011320e+001 5.274497e+001 2.577347e+000
1.696896e+001 5.289785e+001 2.995636e+000
1.412861e+001 5.617117e+001 7.682655e+000
1.391393e+001 5.602405e+001 9.568681e+000
1.376180e+001 5.587001e+001 1.146018e+001
1.363282e+001 5.476236e+001 1.300328e+001
8.457703e+000 5.473129e+001 8.956211e+000
6.941812e+000 5.428942e+001 9.342305e+000
6.586654e+000 5.271304e+001 9.519571e+000
6.504448e+000 5.109489e+001 9.650169e+000
1.782238e+001 5.522378e+001 9.339335e+000
1.924899e+001 5.485889e+001 8.976734e+000
2.027225e+001 5.377948e+001 8.680427e+000
2.002349e+001 5.230222e+001 8.916778e+000
6.601749e+000 5.083400e+001 1.120023e+001
3.973907e+000 4.663967e+001 9.305679e+000
6.480165e+000 4.404364e+001 5.420673e+000
1.026199e+001 4.055875e+001 4.133831e+000
2.025637e+001 5.009666e+001 1.124639e+001
2.123000e+001 4.731639e+001 7.705229e+000
1.868546e+001 4.425394e+001 5.388928e+000
1.633092e+001 4.045524e+001 4.273468e+000
6.043904e+000 4.723329e+001 1.328832e+001
3.770809e+000 4.477242e+001 9.287188e+000
5.610993e+000 4.282631e+001 4.808698e+000
2.082979e+001 4.624843e+001 1.344319e+001
2.292297e+001 4.432479e+001 9.393705e+000
2.027760e+001 4.323594e+001 5.356126e+000
6.549510e+000 4.258192e+001 1.390674e+001
4.720576e+000 4.063326e+001 1.005327e+001
5.831800e+000 3.995565e+001 5.548034e+000
1.962474e+001 4.186300e+001 1.420364e+001
2.146598e+001 3.960930e+001 1.056050e+001
2.031469e+001 3.886681e+001 6.103298e+000
9.725227e+000 3.323112e+001 1.395916e+001
7.975762e+000 3.547180e+001 1.066494e+001
8.891400e+000 3.753207e+001 6.943424e+000
1.610155e+001 3.332949e+001 1.463810e+001
1.823054e+001 3.516578e+001 1.107416e+001
1.701413e+001 3.695659e+001 7.084219e+000
8.722497e+000 3.015274e+001 1.457833e+001
1.094086e+001 3.088239e+001 1.662340e+001
1.404401e+001 3.084248e+001 1.655344e+001
1.698292e+001 3.044944e+001 1.563496e+001
8.366287e+000 4.989663e+001 4.682537e+000
1.150566e+001 4.951596e+001 2.754972e+000
1.519606e+001 4.963875e+001 3.040353e+000
1.831041e+001 5.011361e+001 4.987160e+000
1.793639e+001 3.721646e+001 1.466351e+001
1.616634e+001 5.214829e+001 1.304317e+001
1.682559e+001 4.528000e+001 1.573801e+001
1.618286e+001 4.070617e+001 1.566132e+001
1.554383e+001 3.667588e+001 1.575569e+001
1.464121e+001 3.322986e+001 1.520382e+001
1.312394e+001 4.764213e+001 1.529063e+001
1.290377e+001 4.406578e+001 1.610261e+001
1.285946e+001 4.043913e+001 1.610584e+001
1.290004e+001 3.685553e+001 1.576967e+001
1.306810e+001 3.320292e+001 1.522212e+001
1.025737e+001 5.252929e+001 1.269172e+001
9.201504e+000 4.573356e+001 1.554928e+001
9.655481e+000 4.106738e+001 1.549876e+001
1.021581e+001 3.681811e+001 1.555978e+001
1.125275e+001 3.307597e+001 1.514580e+001
7.538556e+000 3.743153e+001 1.411687e+001
