[individuals]
1
[dimensions]
3
[landmarks]
71
[rawpoints]
'#1
1.792774e+001 9.286108e+001 4.133125e+001
5.348508e+001 9.433838e+001 4.249644e+001
3.586879e+001 8.058861e+001 3.651138e+001
3.696217e+001 5.393985e+001 4.757597e+001
3.444609e+001 4.419138e+001 5.691514e+001
4.058981e+001 4.346079e+001 5.478262e+001
2.943234e+001 9.418965e+001 3.344977e+001
4.135578e+001 9.423548e+001 3.241167e+001
3.613361e+001 1.014217e+002 4.163036e+001
3.634530e+001 1.028535e+002 4.608769e+001
3.651424e+001 1.015700e+002 5.059171e+001
3.652776e+001 9.851461e+001 5.414494e+001
2.888540e+001 1.009575e+002 4.530838e+001
2.455097e+001 9.936037e+001 4.587547e+001
2.199280e+001 9.547613e+001 4.604864e+001
2.201730e+001 9.083466e+001 4.638964e+001
4.313008e+001 1.013183e+002 4.474249e+001
4.705230e+001 9.993559e+001 4.515387e+001
5.012097e+001 9.710819e+001 4.538758e+001
5.060767e+001 9.299693e+001 4.595763e+001
2.108282e+001 8.931626e+001 4.795801e+001
2.180832e+001 8.212227e+001 4.219015e+001
2.701125e+001 7.692320e+001 3.658167e+001
3.228196e+001 6.932816e+001 3.628567e+001
5.225490e+001 8.903864e+001 4.575631e+001
5.143863e+001 8.103609e+001 4.168950e+001
4.665551e+001 7.625655e+001 3.572869e+001
4.042755e+001 6.975466e+001 3.615981e+001
2.000333e+001 8.059393e+001 5.159127e+001
2.042097e+001 7.738937e+001 4.339028e+001
2.502687e+001 7.432847e+001 3.652567e+001
5.356030e+001 7.815442e+001 4.967730e+001
5.218557e+001 7.519268e+001 4.239397e+001
4.765989e+001 7.313094e+001 3.615075e+001
2.193196e+001 7.040329e+001 5.405343e+001
2.169420e+001 6.878841e+001 4.610309e+001
2.453551e+001 6.837576e+001 3.851182e+001
5.117799e+001 6.794958e+001 5.250887e+001
5.032330e+001 6.755341e+001 4.506391e+001
4.751630e+001 6.829858e+001 3.814456e+001
3.157910e+001 5.039938e+001 5.441732e+001
3.333386e+001 5.677109e+001 4.846420e+001
3.264404e+001 6.410112e+001 4.347359e+001
4.268760e+001 5.065268e+001 5.395540e+001
4.134197e+001 5.708105e+001 4.812534e+001
4.035931e+001 6.396932e+001 4.276643e+001
3.107022e+001 4.600857e+001 5.389201e+001
3.487482e+001 4.739169e+001 5.674866e+001
3.977998e+001 4.808605e+001 5.666400e+001
4.304517e+001 4.664680e+001 5.322675e+001
2.581516e+001 8.892482e+001 3.847394e+001
3.209857e+001 8.820808e+001 3.418089e+001
3.973874e+001 8.838157e+001 3.402722e+001
4.608149e+001 8.969481e+001 3.808594e+001
4.657513e+001 5.899586e+001 5.371844e+001
4.162005e+001 9.352994e+001 5.214854e+001
4.563288e+001 7.702581e+001 5.967160e+001
4.513170e+001 6.608130e+001 6.065550e+001
4.223313e+001 5.757185e+001 5.899897e+001
3.991996e+001 5.007718e+001 5.677429e+001
3.684217e+001 8.302717e+001 5.982148e+001
3.729068e+001 7.454136e+001 6.253652e+001
3.750914e+001 6.603232e+001 6.269565e+001
3.762207e+001 5.774650e+001 6.150428e+001
3.757533e+001 4.961291e+001 5.850334e+001
2.996487e+001 9.367410e+001 5.242710e+001
2.864808e+001 7.809665e+001 6.010669e+001
2.967946e+001 6.738057e+001 6.158239e+001
3.196941e+001 5.797156e+001 6.035614e+001
3.487267e+001 4.987132e+001 5.711959e+001
2.638772e+001 6.012737e+001 5.479319e+001
