[individuals]
1
[dimensions]
3
[landmarks]
71
[rawpoints]
'#1
8.039886e+000 1.960647e+001 2.919000e+000
1.711356e+001 1.988686e+001 9.919891e+000
1.296270e+001 1.609263e+001 5.938404e+000
9.229787e+000 1.077465e+001 1.082669e+001
5.515278e+000 7.780402e+000 1.331062e+001
7.900193e+000 7.635553e+000 1.518518e+001
1.235462e+001 2.030757e+001 2.057501e+000
1.677142e+001 2.041858e+001 5.143420e+000
1.287904e+001 2.446907e+001 6.582689e+000
1.186971e+001 2.518507e+001 7.780602e+000
1.071944e+001 2.502258e+001 9.052276e+000
1.002471e+001 2.375311e+001 9.986144e+000
8.921054e+000 2.439302e+001 5.703327e+000
7.641557e+000 2.373842e+001 4.722129e+000
7.929847e+000 2.202624e+001 4.879684e+000
7.981623e+000 2.028854e+001 4.984314e+000
1.520947e+001 2.446200e+001 9.172091e+000
1.615740e+001 2.380874e+001 1.048126e+001
1.592307e+001 2.207504e+001 1.050411e+001
1.548044e+001 2.038738e+001 1.046882e+001
7.239455e+000 2.250831e+001 6.573487e+000
5.227323e+000 1.878018e+001 4.848145e+000
7.314827e+000 1.503838e+001 3.245815e+000
1.079621e+001 1.320180e+001 5.576724e+000
1.440043e+001 2.256902e+001 1.153403e+001
1.607783e+001 1.912019e+001 9.893206e+000
1.601083e+001 1.593655e+001 7.196525e+000
1.337765e+001 1.278958e+001 7.952173e+000
3.840044e+000 1.951768e+001 8.131383e+000
4.132385e+000 1.632347e+001 5.751116e+000
6.989877e+000 1.381311e+001 4.532121e+000
1.346336e+001 2.119875e+001 1.453703e+001
1.630334e+001 1.747024e+001 1.411394e+001
1.678431e+001 1.401061e+001 1.096027e+001
3.683162e+000 1.653491e+001 9.692716e+000
4.717669e+000 1.468192e+001 7.074779e+000
7.433808e+000 1.314996e+001 5.796928e+000
1.243599e+001 1.760921e+001 1.582897e+001
1.414956e+001 1.479281e+001 1.449300e+001
1.386342e+001 1.293489e+001 1.147300e+001
5.193434e+000 1.101520e+001 1.262113e+001
6.634122e+000 1.129468e+001 9.848801e+000
8.856880e+000 1.216636e+001 7.814213e+000
8.988696e+000 1.103683e+001 1.531050e+001
1.091099e+001 1.116064e+001 1.305791e+001
1.190711e+001 1.212490e+001 1.043823e+001
4.826200e+000 9.509258e+000 1.241787e+001
5.210985e+000 9.713652e+000 1.443120e+001
6.858206e+000 9.828779e+000 1.566271e+001
8.886311e+000 9.595472e+000 1.593754e+001
1.082846e+001 1.838400e+001 3.002872e+000
1.307911e+001 1.819457e+001 3.579743e+000
1.507609e+001 1.838354e+001 4.767078e+000
1.645302e+001 1.899933e+001 6.544415e+000
1.120286e+001 1.353908e+001 1.611678e+001
1.229799e+001 2.293573e+001 1.058238e+001
1.031010e+001 2.004857e+001 1.500064e+001
9.297727e+000 1.693972e+001 1.579342e+001
8.440995e+000 1.399106e+001 1.616261e+001
7.641833e+000 1.142276e+001 1.567535e+001
8.176901e+000 2.061697e+001 1.264372e+001
7.297341e+000 1.863518e+001 1.362494e+001
6.780591e+000 1.643167e+001 1.423125e+001
6.500328e+000 1.409278e+001 1.469115e+001
6.516257e+000 1.158480e+001 1.485520e+001
8.735643e+000 2.291475e+001 8.346596e+000
4.845376e+000 1.938898e+001 1.142846e+001
4.575651e+000 1.637790e+001 1.257779e+001
4.635244e+000 1.372487e+001 1.347474e+001
5.445842e+000 1.142402e+001 1.424591e+001
3.948334e+000 1.340993e+001 1.080023e+001
