[individuals]
1
[dimensions]
3
[landmarks]
71
[rawpoints]
'#1
1.004347e+001 6.117267e+001 1.154198e+001
3.006460e+001 6.229087e+001 1.383146e+001
2.104462e+001 5.380616e+001 8.933324e+000
2.142537e+001 3.770565e+001 1.483973e+001
1.975081e+001 2.996696e+001 2.301764e+001
2.241169e+001 2.991456e+001 2.333350e+001
1.725065e+001 6.022944e+001 7.037900e+000
2.443916e+001 6.064877e+001 8.047645e+000
1.908290e+001 6.446986e+001 1.421400e+001
1.884902e+001 6.484218e+001 1.645619e+001
1.877744e+001 6.399083e+001 1.857541e+001
1.878224e+001 6.219287e+001 1.998536e+001
1.425691e+001 6.419041e+001 1.347964e+001
1.285307e+001 6.369218e+001 1.275803e+001
1.172388e+001 6.271634e+001 1.204233e+001
1.093960e+001 6.128408e+001 1.231255e+001
2.499491e+001 6.498003e+001 1.573583e+001
2.690882e+001 6.450890e+001 1.511448e+001
2.839831e+001 6.323762e+001 1.445370e+001
2.874660e+001 6.134675e+001 1.521155e+001
9.937281e+000 5.736152e+001 1.442498e+001
1.009992e+001 5.252608e+001 1.094866e+001
1.409200e+001 4.865797e+001 8.804852e+000
1.856014e+001 4.472683e+001 9.081412e+000
2.861923e+001 5.970506e+001 1.765999e+001
3.204610e+001 5.391087e+001 1.712050e+001
2.953701e+001 5.008929e+001 1.214448e+001
2.504256e+001 4.546544e+001 1.013048e+001
8.973726e+000 5.258741e+001 1.679157e+001
9.722487e+000 4.854053e+001 1.322707e+001
1.338544e+001 4.616594e+001 9.973045e+000
2.894037e+001 5.536946e+001 2.176447e+001
3.148052e+001 5.079346e+001 1.833222e+001
3.010771e+001 4.737563e+001 1.327165e+001
1.046220e+001 4.682084e+001 1.850155e+001
1.123460e+001 4.513081e+001 1.419895e+001
1.425492e+001 4.401776e+001 1.079236e+001
2.850207e+001 4.966834e+001 2.344225e+001
3.005730e+001 4.643371e+001 1.910701e+001
2.879585e+001 4.415894e+001 1.411571e+001
1.747689e+001 3.534874e+001 2.163892e+001
1.662501e+001 3.796962e+001 1.700951e+001
1.781929e+001 4.059510e+001 1.245878e+001
2.382734e+001 3.567580e+001 2.243775e+001
2.611848e+001 3.917400e+001 1.876407e+001
2.536179e+001 4.113079e+001 1.360827e+001
1.687710e+001 3.204636e+001 2.260749e+001
1.954233e+001 3.176353e+001 2.395068e+001
2.250536e+001 3.200937e+001 2.433545e+001
2.493957e+001 3.225007e+001 2.260198e+001
1.546801e+001 5.655780e+001 8.496377e+000
1.926216e+001 5.638292e+001 7.903075e+000
2.306166e+001 5.668133e+001 8.406439e+000
2.639759e+001 5.767906e+001 1.003559e+001
2.707494e+001 4.294107e+001 2.359247e+001
2.251603e+001 6.210241e+001 1.877521e+001
2.383057e+001 5.474017e+001 2.504517e+001
2.385645e+001 4.806429e+001 2.633940e+001
2.342220e+001 4.178651e+001 2.631920e+001
2.219364e+001 3.540998e+001 2.377814e+001
1.867350e+001 5.835788e+001 2.199450e+001
1.873207e+001 5.310564e+001 2.561003e+001
1.933066e+001 4.710436e+001 2.664189e+001
1.978025e+001 4.129181e+001 2.636052e+001
2.042623e+001 3.531863e+001 2.367021e+001
1.545433e+001 6.168000e+001 1.758677e+001
1.300135e+001 5.386231e+001 2.319489e+001
1.407833e+001 4.697632e+001 2.467700e+001
1.590031e+001 4.068770e+001 2.490448e+001
1.874352e+001 3.517400e+001 2.327018e+001
1.329733e+001 4.082345e+001 1.995393e+001
