[individuals]
1
[dimensions]
3
[landmarks]
71
[rawpoints]
'#1
2.064424e+000 6.299498e+001 7.175259e+000
2.168910e+001 6.257149e+001 6.838268e+000
1.187413e+001 5.418219e+001 6.423805e+000
1.223485e+001 4.101287e+001 1.248200e+001
1.057604e+001 3.319501e+001 1.902501e+001
1.468080e+001 3.340344e+001 1.862306e+001
8.007257e+000 6.113819e+001 3.402378e+000
1.522498e+001 6.143675e+001 2.856266e+000
1.183124e+001 6.635327e+001 7.596889e+000
1.189081e+001 6.704176e+001 1.029996e+001
1.189187e+001 6.653677e+001 1.304403e+001
1.187479e+001 6.441054e+001 1.485046e+001
7.297435e+000 6.652015e+001 9.730206e+000
5.305885e+000 6.607592e+001 8.900390e+000
4.466286e+000 6.410419e+001 8.048975e+000
3.644711e+000 6.244368e+001 9.066217e+000
1.691850e+001 6.646420e+001 9.848053e+000
1.880162e+001 6.590736e+001 9.001130e+000
2.022814e+001 6.448112e+001 8.464852e+000
2.008772e+001 6.228854e+001 8.463768e+000
4.000036e+000 6.137657e+001 1.179053e+001
1.458000e+000 5.600564e+001 1.050782e+001
4.942287e+000 5.246547e+001 7.003138e+000
9.049807e+000 4.798388e+001 7.016391e+000
2.042744e+001 6.204272e+001 1.105762e+001
2.251259e+001 5.662255e+001 8.853758e+000
1.810551e+001 5.293620e+001 6.493000e+000
1.468679e+001 4.775246e+001 6.652004e+000
3.165161e+000 5.658379e+001 1.576112e+001
1.845065e+000 5.276592e+001 1.218655e+001
4.497151e+000 5.071946e+001 7.958649e+000
2.143927e+001 5.677848e+001 1.503973e+001
2.286900e+001 5.360987e+001 1.047717e+001
1.892634e+001 5.161240e+001 6.820340e+000
4.460802e+000 5.130916e+001 1.760892e+001
3.535900e+000 4.823652e+001 1.396134e+001
4.741432e+000 4.799549e+001 9.261072e+000
2.058781e+001 5.110449e+001 1.663443e+001
2.164997e+001 4.954946e+001 1.209541e+001
1.920909e+001 4.926507e+001 7.839529e+000
9.798395e+000 3.976612e+001 1.855813e+001
6.615336e+000 4.310148e+001 1.587082e+001
7.127118e+000 4.479000e+001 1.083469e+001
1.533284e+001 3.975651e+001 1.796078e+001
1.705621e+001 4.232816e+001 1.419679e+001
1.589005e+001 4.433490e+001 9.911250e+000
8.708306e+000 3.611858e+001 1.940303e+001
1.135473e+001 3.600567e+001 2.122600e+001
1.454228e+001 3.597108e+001 2.080506e+001
1.640300e+001 3.585453e+001 1.818533e+001
6.564412e+000 5.908896e+001 5.297100e+000
9.901471e+000 5.848573e+001 4.099562e+000
1.348245e+001 5.870658e+001 3.851646e+000
1.689311e+001 5.899238e+001 4.956001e+000
1.886289e+001 4.541370e+001 1.751044e+001
1.574856e+001 6.339019e+001 1.283496e+001
1.708227e+001 5.619171e+001 1.904641e+001
1.656629e+001 5.026399e+001 2.021521e+001
1.580885e+001 4.484944e+001 2.085521e+001
1.399121e+001 3.967224e+001 1.949057e+001
1.219955e+001 5.997000e+001 1.823100e+001
1.238155e+001 5.507453e+001 2.061950e+001
1.249132e+001 4.999253e+001 2.143800e+001
1.249524e+001 4.483785e+001 2.157735e+001
1.257700e+001 3.966386e+001 1.971013e+001
8.623081e+000 6.349676e+001 1.317249e+001
7.662353e+000 5.611438e+001 1.947893e+001
8.461665e+000 5.034208e+001 2.062056e+001
9.401347e+000 4.473130e+001 2.114340e+001
1.107051e+001 3.970866e+001 1.964596e+001
6.673386e+000 4.504930e+001 1.872384e+001
