[individuals]
1
[dimensions]
3
[landmarks]
71
[rawpoints]
'#1
1.929878e+001 9.766127e+001 2.996909e+001
4.313042e+001 9.697780e+001 2.977796e+001
3.137185e+001 8.939650e+001 2.794359e+001
3.173761e+001 7.142109e+001 3.967201e+001
2.923327e+001 6.338404e+001 4.841355e+001
3.350909e+001 6.245325e+001 4.853520e+001
2.794879e+001 9.834302e+001 2.408997e+001
3.469331e+001 9.762717e+001 2.421741e+001
3.099939e+001 1.029539e+002 3.092175e+001
3.121660e+001 1.033441e+002 3.342304e+001
3.132451e+001 1.034384e+002 3.595980e+001
3.133875e+001 1.016035e+002 3.771719e+001
2.526737e+001 1.016896e+002 3.293884e+001
2.344764e+001 1.009520e+002 3.309521e+001
2.224042e+001 9.940539e+001 3.326854e+001
2.284593e+001 9.753619e+001 3.340703e+001
3.636421e+001 1.016808e+002 3.273814e+001
3.849675e+001 1.007323e+002 3.275407e+001
4.013913e+001 9.907459e+001 3.279379e+001
3.941847e+001 9.686414e+001 3.299912e+001
2.312713e+001 9.528535e+001 3.478387e+001
2.211539e+001 9.116896e+001 3.206640e+001
2.414093e+001 8.731619e+001 2.953469e+001
2.679696e+001 8.304006e+001 2.941792e+001
3.880841e+001 9.544069e+001 3.505910e+001
4.047784e+001 9.059341e+001 3.352032e+001
3.926167e+001 8.700755e+001 2.973598e+001
3.622585e+001 8.260548e+001 2.949475e+001
2.230564e+001 9.073617e+001 3.823455e+001
2.142745e+001 8.781058e+001 3.438391e+001
2.252273e+001 8.529897e+001 3.030346e+001
4.010739e+001 8.901806e+001 3.805476e+001
4.072709e+001 8.675016e+001 3.436485e+001
3.996281e+001 8.456391e+001 3.065278e+001
2.325236e+001 8.516563e+001 4.029747e+001
2.240875e+001 8.325078e+001 3.617386e+001
2.317836e+001 8.161358e+001 3.191834e+001
3.888587e+001 8.416895e+001 3.976879e+001
3.950772e+001 8.246251e+001 3.605235e+001
3.902988e+001 8.114294e+001 3.216105e+001
2.716408e+001 7.380183e+001 4.370342e+001
2.578264e+001 7.668555e+001 3.883101e+001
2.597168e+001 7.891284e+001 3.344884e+001
3.558742e+001 7.377810e+001 4.336396e+001
3.681132e+001 7.645264e+001 3.863211e+001
3.664890e+001 7.888828e+001 3.362345e+001
2.605624e+001 6.941063e+001 4.703383e+001
2.984201e+001 7.033053e+001 4.853165e+001
3.400373e+001 7.043913e+001 4.823225e+001
3.715720e+001 6.941173e+001 4.569843e+001
2.360886e+001 9.488069e+001 2.724902e+001
2.841739e+001 9.435183e+001 2.520205e+001
3.366913e+001 9.427033e+001 2.512148e+001
3.851485e+001 9.466284e+001 2.711039e+001
3.730589e+001 7.898555e+001 4.159379e+001
3.462340e+001 9.946252e+001 3.767794e+001
3.603170e+001 9.038510e+001 4.243649e+001
3.516720e+001 8.427744e+001 4.350727e+001
3.472831e+001 7.889632e+001 4.496911e+001
3.356745e+001 7.402290e+001 4.527246e+001
3.130157e+001 9.430103e+001 4.217821e+001
3.164551e+001 8.956094e+001 4.430169e+001
3.172655e+001 8.450237e+001 4.528226e+001
3.162773e+001 7.934431e+001 4.575217e+001
3.156703e+001 7.413236e+001 4.609384e+001
2.704239e+001 9.957208e+001 3.777700e+001
2.672878e+001 9.114919e+001 4.303802e+001
2.764528e+001 8.480314e+001 4.416866e+001
2.846854e+001 7.915606e+001 4.519960e+001
2.941210e+001 7.405327e+001 4.554082e+001
2.511820e+001 7.927200e+001 4.184849e+001
