[individuals]
1
[dimensions]
3
[landmarks]
71
[rawpoints]
'#1
9.080313e+001 -1.286357e+002 -1.858049e+003
1.258135e+002 -1.290160e+002 -1.859989e+003
1.086707e+002 -1.342546e+002 -1.844951e+003
1.126767e+002 -1.216753e+002 -1.819847e+003
1.176093e+002 -1.069655e+002 -1.805967e+003
1.071045e+002 -1.061499e+002 -1.805293e+003
1.003502e+002 -1.376864e+002 -1.860310e+003
1.147658e+002 -1.383196e+002 -1.860526e+003
1.081033e+002 -1.280395e+002 -1.868224e+003
1.080984e+002 -1.235084e+002 -1.868732e+003
1.081117e+002 -1.189543e+002 -1.868511e+003
1.082237e+002 -1.150623e+002 -1.866139e+003
1.004011e+002 -1.233173e+002 -1.866826e+003
9.665469e+001 -1.245549e+002 -1.865132e+003
9.374187e+001 -1.255502e+002 -1.862139e+003
9.343487e+001 -1.257891e+002 -1.857863e+003
1.171751e+002 -1.228313e+002 -1.869003e+003
1.199436e+002 -1.246959e+002 -1.867128e+003
1.224987e+002 -1.262499e+002 -1.864739e+003
1.240023e+002 -1.273219e+002 -1.861386e+003
9.929892e+001 -1.187974e+002 -1.856841e+003
9.230154e+001 -1.169764e+002 -1.845876e+003
9.492587e+001 -1.286153e+002 -1.839803e+003
1.050011e+002 -1.287498e+002 -1.831112e+003
1.203191e+002 -1.219511e+002 -1.857590e+003
1.260828e+002 -1.250314e+002 -1.849143e+003
1.252768e+002 -1.299724e+002 -1.839709e+003
1.198819e+002 -1.309739e+002 -1.830547e+003
9.540476e+001 -1.106844e+002 -1.847511e+003
9.185822e+001 -1.167490e+002 -1.839176e+003
9.514053e+001 -1.241687e+002 -1.831895e+003
1.256211e+002 -1.174036e+002 -1.849893e+003
1.291630e+002 -1.208716e+002 -1.842158e+003
1.261570e+002 -1.265127e+002 -1.835559e+003
9.641409e+001 -1.097602e+002 -1.837450e+003
9.382324e+001 -1.174222e+002 -1.833213e+003
9.791826e+001 -1.238140e+002 -1.828139e+003
1.263377e+002 -1.141317e+002 -1.841479e+003
1.276714e+002 -1.197401e+002 -1.836524e+003
1.249104e+002 -1.256860e+002 -1.832676e+003
1.043835e+002 -1.085463e+002 -1.818025e+003
1.018614e+002 -1.157961e+002 -1.821543e+003
1.044255e+002 -1.231412e+002 -1.824826e+003
1.188669e+002 -1.102571e+002 -1.819116e+003
1.200934e+002 -1.173558e+002 -1.822486e+003
1.193962e+002 -1.238878e+002 -1.826969e+003
1.018670e+002 -1.070274e+002 -1.814059e+003
1.083695e+002 -1.039043e+002 -1.814231e+003
1.155632e+002 -1.044213e+002 -1.814458e+003
1.220614e+002 -1.075581e+002 -1.814479e+003
9.794270e+001 -1.335013e+002 -1.854078e+003
1.047807e+002 -1.373844e+002 -1.854341e+003
1.126452e+002 -1.374247e+002 -1.854591e+003
1.195431e+002 -1.336468e+002 -1.854823e+003
1.244879e+002 -1.117501e+002 -1.831640e+003
1.136896e+002 -1.167269e+002 -1.858976e+003
1.190479e+002 -1.082691e+002 -1.847383e+003
1.200632e+002 -1.049584e+002 -1.838085e+003
1.190713e+002 -1.041024e+002 -1.828753e+003
1.154680e+002 -1.060135e+002 -1.819113e+003
1.111655e+002 -1.088302e+002 -1.852251e+003
1.122233e+002 -1.040144e+002 -1.844460e+003
1.127640e+002 -1.015607e+002 -1.836282e+003
1.127805e+002 -1.006247e+002 -1.827400e+003
1.121932e+002 -1.041586e+002 -1.818725e+003
1.050688e+002 -1.174236e+002 -1.859345e+003
1.040495e+002 -1.056959e+002 -1.846049e+003
1.045775e+002 -1.025457e+002 -1.836071e+003
1.054633e+002 -1.021757e+002 -1.826335e+003
1.084711e+002 -1.051543e+002 -1.818510e+003
9.786124e+001 -1.107830e+002 -1.827362e+003
