[individuals]
1
[dimensions]
3
[landmarks]
71
[rawpoints]
'#1
9.360800e+000 6.541053e+001 1.812349e+001
2.906557e+001 6.515417e+001 1.947199e+001
1.900801e+001 5.957831e+001 1.521394e+001
1.826846e+001 5.062188e+001 2.093471e+001
1.570841e+001 4.290833e+001 2.837523e+001
2.089201e+001 4.214547e+001 2.846051e+001
1.574495e+001 6.610675e+001 1.262317e+001
2.349637e+001 6.560619e+001 1.313128e+001
1.944274e+001 7.052014e+001 1.851523e+001
1.954309e+001 7.134685e+001 2.113535e+001
1.962200e+001 7.074883e+001 2.381780e+001
1.971633e+001 6.900073e+001 2.593764e+001
1.401890e+001 6.955450e+001 2.191192e+001
1.276426e+001 6.878902e+001 2.150968e+001
1.195240e+001 6.754948e+001 2.115411e+001
1.208646e+001 6.609190e+001 2.073065e+001
2.386427e+001 6.935629e+001 2.204928e+001
2.545479e+001 6.834285e+001 2.135038e+001
2.620459e+001 6.654981e+001 2.083285e+001
2.625012e+001 6.453938e+001 2.087088e+001
1.114205e+001 6.476024e+001 2.361601e+001
8.439717e+000 6.232817e+001 2.058954e+001
1.054028e+001 5.978919e+001 1.713562e+001
1.327574e+001 5.590257e+001 1.719090e+001
2.819437e+001 6.343205e+001 2.239757e+001
2.993674e+001 6.105368e+001 1.958331e+001
2.750814e+001 5.853543e+001 1.748967e+001
2.441847e+001 5.589314e+001 1.719178e+001
1.070088e+001 6.110516e+001 2.554420e+001
8.941508e+000 5.849784e+001 2.238437e+001
9.029139e+000 5.638498e+001 1.845955e+001
2.829453e+001 6.007973e+001 2.421087e+001
2.876954e+001 5.702752e+001 2.183070e+001
2.800459e+001 5.512249e+001 1.851527e+001
1.163139e+001 5.756306e+001 2.662877e+001
1.024723e+001 5.551346e+001 2.341442e+001
1.071321e+001 5.398952e+001 1.968510e+001
2.688686e+001 5.680968e+001 2.532544e+001
2.769478e+001 5.510624e+001 2.219915e+001
2.694207e+001 5.384663e+001 1.885630e+001
1.410007e+001 5.023486e+001 2.835984e+001
1.230448e+001 5.146058e+001 2.442483e+001
1.244880e+001 5.254575e+001 2.006451e+001
2.305406e+001 5.000886e+001 2.767202e+001
2.497009e+001 5.123809e+001 2.400028e+001
2.484534e+001 5.254097e+001 1.988322e+001
1.186075e+001 4.829536e+001 2.718193e+001
1.585442e+001 4.810169e+001 3.015207e+001
2.083515e+001 4.805235e+001 3.013161e+001
2.491844e+001 4.801461e+001 2.727951e+001
1.387482e+001 6.287637e+001 1.542818e+001
1.739113e+001 6.203698e+001 1.403827e+001
2.126028e+001 6.203897e+001 1.420980e+001
2.472306e+001 6.272181e+001 1.580453e+001
2.552259e+001 5.336744e+001 2.652491e+001
2.269683e+001 6.802335e+001 2.593330e+001
2.373207e+001 6.093113e+001 2.974404e+001
2.296871e+001 5.623215e+001 2.967647e+001
2.231488e+001 5.232764e+001 3.010025e+001
2.105434e+001 4.896955e+001 2.974861e+001
1.905385e+001 6.342599e+001 2.980304e+001
1.901900e+001 5.988913e+001 3.096310e+001
1.893027e+001 5.619034e+001 3.091124e+001
1.878775e+001 5.250677e+001 3.094540e+001
1.859185e+001 4.891278e+001 3.000526e+001
1.561201e+001 6.819233e+001 2.606742e+001
1.467214e+001 6.131638e+001 2.979665e+001
1.521902e+001 5.663292e+001 2.995690e+001
1.549777e+001 5.258290e+001 3.041652e+001
1.625073e+001 4.919003e+001 2.985796e+001
1.232290e+001 5.347447e+001 2.806416e+001
