[individuals]
1
[dimensions]
3
[landmarks]
71
[rawpoints]
'#1
1.317134e+000 2.657471e+001 8.659626e+000
2.330612e+001 2.846617e+001 1.330319e+001
1.382342e+001 2.167251e+001 5.783409e+000
1.376101e+001 1.013636e+001 1.174170e+001
1.123955e+001 1.301567e+000 1.860899e+001
1.513178e+001 1.166897e+000 1.922784e+001
9.101914e+000 2.889391e+001 3.063393e+000
1.793849e+001 2.959327e+001 4.706573e+000
1.242213e+001 3.372986e+001 1.029981e+001
1.183966e+001 3.398045e+001 1.433605e+001
1.144924e+001 3.258348e+001 1.815565e+001
1.093043e+001 2.936940e+001 2.062414e+001
5.693681e+000 3.202964e+001 1.331778e+001
4.127253e+000 3.108093e+001 1.215532e+001
3.294396e+000 2.922171e+001 1.141023e+001
3.535827e+000 2.712209e+001 1.092184e+001
1.756273e+001 3.308043e+001 1.634915e+001
1.927347e+001 3.211008e+001 1.532307e+001
2.057878e+001 3.049894e+001 1.453482e+001
2.070917e+001 2.835175e+001 1.399274e+001
2.672878e+000 2.640520e+001 1.559026e+001
1.086597e+000 2.275459e+001 1.146190e+001
3.242182e+000 2.097809e+001 6.453311e+000
7.074553e+000 1.671217e+001 6.489403e+000
2.015432e+001 2.707385e+001 1.879819e+001
2.367344e+001 2.332117e+001 1.627620e+001
2.499483e+001 2.059542e+001 1.141246e+001
2.075324e+001 1.739796e+001 9.264896e+000
2.332836e+000 2.195605e+001 1.661053e+001
1.296511e+000 1.987477e+001 1.178435e+001
2.060527e+000 1.858738e+001 6.640278e+000
2.054551e+001 2.260536e+001 1.979894e+001
2.330722e+001 2.045122e+001 1.652864e+001
2.432307e+001 1.862488e+001 1.221641e+001
3.848007e+000 1.773844e+001 1.719966e+001
2.443892e+000 1.698152e+001 1.291734e+001
2.968804e+000 1.623976e+001 8.439012e+000
1.977570e+001 1.825190e+001 2.003410e+001
2.223178e+001 1.769201e+001 1.669044e+001
2.316498e+001 1.701852e+001 1.266552e+001
7.332979e+000 8.993185e+000 1.826455e+001
5.512578e+000 1.133916e+001 1.426700e+001
5.643502e+000 1.310876e+001 9.614212e+000
1.745483e+001 1.013887e+001 2.012557e+001
1.985278e+001 1.211175e+001 1.658101e+001
2.121283e+001 1.397692e+001 1.247284e+001
5.774645e+000 6.095113e+000 1.563376e+001
9.113597e+000 5.535753e+000 2.071768e+001
1.516351e+001 5.913894e+000 2.147112e+001
2.034101e+001 7.299748e+000 1.854188e+001
8.555813e+000 2.406676e+001 5.323376e+000
1.229224e+001 2.340194e+001 4.743035e+000
1.602100e+001 2.389832e+001 5.511154e+000
1.891167e+001 2.516854e+001 7.695206e+000
1.904487e+001 1.404894e+001 2.072425e+001
1.392005e+001 3.013814e+001 2.031707e+001
1.543957e+001 2.205379e+001 2.311827e+001
1.528604e+001 1.679666e+001 2.271057e+001
1.521316e+001 1.242020e+001 2.271747e+001
1.450296e+001 8.807257e+000 2.168401e+001
1.031709e+001 2.419274e+001 2.302563e+001
1.070697e+001 2.020435e+001 2.328613e+001
1.108034e+001 1.622388e+001 2.299140e+001
1.141608e+001 1.228152e+001 2.248653e+001
1.175208e+001 8.424683e+000 2.137330e+001
6.508824e+000 2.952679e+001 1.872182e+001
6.112659e+000 2.164258e+001 2.142278e+001
7.181518e+000 1.652811e+001 2.137492e+001
7.871109e+000 1.203676e+001 2.147893e+001
9.206934e+000 8.364194e+000 2.053231e+001
4.837166e+000 1.326676e+001 1.815926e+001
