[individuals]
1
[dimensions]
3
[landmarks]
71
[rawpoints]
'#1
-1.475846e+001 1.356642e+001 -1.644276e+001
5.139810e+000 1.498222e+001 -1.907525e+001
-5.352213e+000 8.835128e+000 -2.265847e+001
-4.453412e+000 -9.965730e-001 -1.657077e+001
-5.667196e+000 -9.916049e+000 -8.432709e+000
-5.407100e-001 -9.267205e+000 -8.220491e+000
-9.115835e+000 1.529078e+001 -2.414716e+001
-1.691433e+000 1.609530e+001 -2.460591e+001
-5.141398e+000 1.883485e+001 -1.797815e+001
-4.982703e+000 1.853077e+001 -1.620863e+001
-4.842399e+000 1.800989e+001 -1.448881e+001
-4.696891e+000 1.687275e+001 -1.309794e+001
-9.528055e+000 1.668339e+001 -1.576429e+001
-1.076550e+001 1.585933e+001 -1.595784e+001
-1.166690e+001 1.467247e+001 -1.612094e+001
-1.177808e+001 1.318007e+001 -1.603032e+001
-7.879580e-001 1.752882e+001 -1.708722e+001
3.786559e-001 1.710860e+001 -1.705310e+001
1.351668e+000 1.633967e+001 -1.702317e+001
1.690779e+000 1.514737e+001 -1.697763e+001
-1.238570e+001 1.114852e+001 -1.416219e+001
-1.451314e+001 7.333032e+000 -1.536942e+001
-1.409063e+001 3.923070e+000 -1.832488e+001
-9.851075e+000 3.739234e+000 -1.991594e+001
3.215733e+000 1.259123e+001 -1.522785e+001
6.085284e+000 9.720921e+000 -1.729768e+001
4.168999e+000 7.250289e+000 -2.062917e+001
1.020576e+000 3.966503e+000 -2.029096e+001
-1.228340e+001 7.955955e+000 -1.268875e+001
-1.346175e+001 5.089024e+000 -1.483106e+001
-1.292406e+001 2.948078e+000 -1.788444e+001
3.731789e+000 9.066763e+000 -1.365016e+001
5.453954e+000 6.615305e+000 -1.673145e+001
3.709987e+000 7.282164e+000 -2.062407e+001
-1.157871e+001 4.710040e+000 -1.215476e+001
-1.184831e+001 2.621342e+000 -1.468002e+001
-1.154844e+001 1.819733e+000 -1.785498e+001
3.133837e+000 5.232056e+000 -1.302582e+001
4.959167e+000 5.684173e+000 -1.597435e+001
4.299809e+000 4.342803e+000 -1.913597e+001
-8.024649e+000 -2.355490e+000 -1.199310e+001
-9.360312e+000 -5.028750e-001 -1.467208e+001
-1.015083e+001 9.610971e-001 -1.777440e+001
2.286590e-001 -1.149944e+000 -1.128218e+001
1.872027e+000 3.515063e-001 -1.419920e+001
2.025538e+000 1.652194e+000 -1.762680e+001
-8.629223e+000 -5.014721e+000 -1.004615e+001
-5.292155e+000 -5.116243e+000 -7.809376e+000
-1.285778e+000 -5.072499e+000 -8.117966e+000
1.828032e+000 -5.299728e+000 -1.064810e+001
-1.019663e+001 1.178926e+001 -2.136777e+001
-6.849124e+000 1.174960e+001 -2.378577e+001
-2.722721e+000 1.158388e+001 -2.379767e+001
6.991940e-001 1.283219e+001 -2.185155e+001
2.099479e+000 1.705057e+000 -1.247062e+001
-1.323236e+000 1.410359e+001 -1.285277e+001
5.337228e-001 8.256310e+000 -1.019594e+001
3.635799e-001 4.435684e+000 -9.929204e+000
-1.217421e-001 1.032706e+000 -9.579059e+000
-1.676741e+000 -1.819502e+000 -1.015431e+001
-3.967027e+000 9.965751e+000 -1.081247e+001
-3.352617e+000 7.076612e+000 -9.399708e+000
-3.089386e+000 4.103509e+000 -8.853698e+000
-3.104938e+000 1.059803e+000 -8.894511e+000
-3.348941e+000 -2.243612e+000 -9.245366e+000
-7.885533e+000 1.363814e+001 -1.228917e+001
-7.756439e+000 7.360164e+000 -9.244312e+000
-7.096765e+000 3.679473e+000 -8.999633e+000
-6.511450e+000 5.740698e-001 -8.972899e+000
-5.658827e+000 -2.422275e+000 -9.810544e+000
-1.020081e+001 1.250423e+000 -1.206197e+001
