[individuals]
1
[dimensions]
3
[landmarks]
71
[rawpoints]
'#1
5.700001e+000 2.894422e+001 2.199010e+001
1.868763e+001 2.728254e+001 5.721149e+000
7.521835e+000 2.052696e+001 1.093635e+001
1.452793e+001 7.655547e+000 1.734585e+001
1.732750e+001 5.875050e-001 2.536803e+001
2.242788e+001 3.118350e-001 1.909655e+001
3.503513e+000 2.766053e+001 1.226451e+001
8.875343e+000 2.721943e+001 5.698427e+000
1.097727e+001 3.372882e+001 1.260802e+001
1.334061e+001 3.518211e+001 1.415374e+001
1.579633e+001 3.450099e+001 1.604934e+001
1.771959e+001 3.259283e+001 1.770672e+001
1.159147e+001 3.383890e+001 1.804609e+001
9.792254e+000 3.320987e+001 1.981951e+001
8.411632e+000 3.151157e+001 2.122925e+001
7.640986e+000 2.914492e+001 2.199248e+001
1.695321e+001 3.330023e+001 1.129798e+001
1.739620e+001 3.219126e+001 9.085479e+000
1.761666e+001 3.025460e+001 7.497265e+000
1.794508e+001 2.776425e+001 7.607399e+000
9.446167e+000 2.833708e+001 2.309130e+001
8.720301e+000 2.373417e+001 2.036149e+001
7.994434e+000 1.913127e+001 1.763169e+001
7.268568e+000 1.452837e+001 1.490188e+001
2.029226e+001 2.680212e+001 8.466892e+000
1.736113e+001 2.182782e+001 6.143288e+000
1.243439e+001 1.803800e+001 6.487742e+000
1.053545e+001 1.376375e+001 1.059529e+001
1.143841e+001 2.428914e+001 2.751185e+001
6.139885e+000 2.075511e+001 2.553470e+001
4.371455e+000 1.825914e+001 1.960920e+001
2.453555e+001 2.212764e+001 9.814916e+000
2.086457e+001 1.826649e+001 5.999930e+000
1.463019e+001 1.625194e+001 6.125375e+000
1.396784e+001 1.894332e+001 2.824006e+001
8.974196e+000 1.622218e+001 2.585205e+001
5.707689e+000 1.463024e+001 2.086814e+001
2.565692e+001 1.740652e+001 1.284159e+001
2.159130e+001 1.493504e+001 8.794395e+000
1.563022e+001 1.433672e+001 7.027317e+000
1.853577e+001 6.668597e+000 2.638660e+001
1.376329e+001 9.164178e+000 2.356836e+001
1.065819e+001 1.135387e+001 1.882363e+001
2.393066e+001 6.069559e+000 1.919770e+001
2.004765e+001 8.440957e+000 1.535740e+001
1.514981e+001 1.086480e+001 1.299384e+001
1.591154e+001 4.536069e+000 2.656446e+001
1.993101e+001 3.138188e+000 2.541559e+001
2.269276e+001 3.134064e+000 2.198017e+001
2.375640e+001 3.809227e+000 1.775594e+001
5.154335e+000 2.551374e+001 1.554602e+001
5.297189e+000 2.375420e+001 1.140249e+001
8.157617e+000 2.315396e+001 7.975950e+000
1.221499e+001 2.482391e+001 6.959782e+000
2.566827e+001 1.211977e+001 1.639419e+001
1.908519e+001 2.935867e+001 1.469245e+001
2.613187e+001 2.258365e+001 1.761672e+001
2.616515e+001 1.663774e+001 1.940690e+001
2.524186e+001 1.103918e+001 2.062892e+001
2.323320e+001 5.366976e+000 2.133362e+001
2.043967e+001 2.778081e+001 2.050717e+001
2.296823e+001 2.259172e+001 2.325052e+001
2.345694e+001 1.669954e+001 2.385724e+001
2.301161e+001 1.110490e+001 2.388331e+001
2.154798e+001 5.400865e+000 2.305534e+001
1.491871e+001 2.988585e+001 2.040363e+001
1.838347e+001 2.408003e+001 2.714984e+001
1.986489e+001 1.746785e+001 2.757842e+001
2.054333e+001 1.151107e+001 2.697480e+001
2.022604e+001 5.754534e+000 2.497803e+001
1.646542e+001 1.284488e+001 2.785311e+001
