[individuals]
1
[dimensions]
3
[landmarks]
71
[rawpoints]
'#1
8.233630e+000 5.980688e+001 8.610547e+000
2.782520e+001 5.947001e+001 8.398973e+000
1.802432e+001 5.275110e+001 4.778347e+000
1.762807e+001 4.015953e+001 1.422316e+001
1.554508e+001 3.257902e+001 2.091857e+001
1.881207e+001 3.265042e+001 2.106555e+001
1.406365e+001 5.864780e+001 2.334553e+000
2.177548e+001 5.856214e+001 2.408043e+000
1.811223e+001 6.437362e+001 6.561630e+000
1.808273e+001 6.576602e+001 9.668621e+000
1.805695e+001 6.535271e+001 1.304812e+001
1.802148e+001 6.326922e+001 1.574075e+001
1.402184e+001 6.463157e+001 1.043444e+001
1.164045e+001 6.350360e+001 9.436131e+000
9.667496e+000 6.176168e+001 8.429603e+000
1.003493e+001 5.938401e+001 9.896870e+000
2.213522e+001 6.461951e+001 1.057906e+001
2.450511e+001 6.348894e+001 9.097525e+000
2.608015e+001 6.115115e+001 8.028798e+000
2.585537e+001 5.884248e+001 9.954673e+000
1.039300e+001 6.001153e+001 1.300394e+001
7.959622e+000 5.476942e+001 9.688796e+000
1.022379e+001 4.931007e+001 6.613059e+000
1.475243e+001 4.450917e+001 7.528356e+000
2.651948e+001 5.849518e+001 1.188779e+001
2.562824e+001 5.429510e+001 8.073707e+000
2.319125e+001 4.956831e+001 5.905481e+000
2.028061e+001 4.480683e+001 7.262051e+000
8.020575e+000 5.569109e+001 1.725754e+001
6.727658e+000 5.072955e+001 1.361450e+001
9.199193e+000 4.686012e+001 9.315403e+000
2.852184e+001 5.374694e+001 1.534097e+001
2.926806e+001 5.019406e+001 1.074451e+001
2.548465e+001 4.749309e+001 7.181335e+000
8.775129e+000 5.052728e+001 1.939326e+001
8.053189e+000 4.715792e+001 1.504230e+001
1.010978e+001 4.459637e+001 1.056852e+001
2.708713e+001 4.879430e+001 1.779230e+001
2.732257e+001 4.613671e+001 1.343953e+001
2.508181e+001 4.507587e+001 8.976532e+000
1.298870e+001 3.881468e+001 2.165570e+001
1.316951e+001 4.072155e+001 1.685434e+001
1.465140e+001 4.306247e+001 1.249027e+001
2.153646e+001 3.874822e+001 2.168596e+001
2.157817e+001 4.063701e+001 1.677445e+001
2.053737e+001 4.305552e+001 1.221806e+001
1.213683e+001 3.678880e+001 2.121182e+001
1.558942e+001 3.652126e+001 2.294034e+001
1.945696e+001 3.666734e+001 2.295531e+001
2.255743e+001 3.693841e+001 2.065466e+001
1.310804e+001 5.725049e+001 5.379106e+000
1.584692e+001 5.595031e+001 3.336873e+000
1.948315e+001 5.558282e+001 3.257948e+000
2.283815e+001 5.630360e+001 4.517805e+000
2.404626e+001 4.377384e+001 1.965733e+001
2.132541e+001 6.112827e+001 1.459908e+001
2.444395e+001 5.560801e+001 2.114878e+001
2.318048e+001 4.938407e+001 2.289468e+001
2.173281e+001 4.374419e+001 2.369290e+001
1.978678e+001 3.822228e+001 2.282889e+001
1.795971e+001 5.994701e+001 1.866125e+001
1.822178e+001 5.549459e+001 2.255443e+001
1.795577e+001 4.967015e+001 2.379379e+001
1.777661e+001 4.408326e+001 2.391548e+001
1.754450e+001 3.820337e+001 2.275485e+001
1.521675e+001 6.152081e+001 1.462734e+001
1.286119e+001 5.660647e+001 2.179730e+001
1.322814e+001 5.025064e+001 2.337274e+001
1.402917e+001 4.430511e+001 2.395495e+001
1.519420e+001 3.834249e+001 2.275002e+001
1.047406e+001 4.479243e+001 2.073771e+001
