[individuals]
1
[dimensions]
3
[landmarks]
71
[rawpoints]
'#1
2.437267e+001 9.487091e+000 6.412232e+001
4.640584e+000 9.873463e+000 6.392972e+001
1.466344e+001 4.901804e+000 5.703181e+001
1.528857e+001 1.061323e+001 4.615057e+001
1.661928e+001 1.622968e+001 3.582221e+001
1.313404e+001 1.620006e+001 3.578791e+001
1.732254e+001 2.639435e+000 6.456105e+001
1.107616e+001 2.631636e+000 6.434116e+001
1.413598e+001 8.471790e+000 6.810671e+001
1.421337e+001 1.175203e+001 6.843948e+001
1.426771e+001 1.498925e+001 6.781219e+001
1.434035e+001 1.735262e+001 6.551318e+001
1.892526e+001 1.236661e+001 6.663472e+001
1.968685e+001 1.198707e+001 6.607283e+001
2.051289e+001 1.159227e+001 6.562402e+001
2.089603e+001 1.134928e+001 6.471083e+001
1.006581e+001 1.236439e+001 6.681787e+001
9.257020e+000 1.204936e+001 6.620001e+001
8.489247e+000 1.172650e+001 6.553564e+001
7.880464e+000 1.148987e+001 6.469392e+001
2.185914e+001 1.423105e+001 6.138820e+001
2.489496e+001 1.156971e+001 5.858987e+001
2.223143e+001 7.842967e+000 5.676687e+001
1.902813e+001 7.458256e+000 5.305455e+001
6.540686e+000 1.274135e+001 6.085035e+001
4.103836e+000 1.126750e+001 5.695547e+001
6.321356e+000 7.305321e+000 5.521550e+001
1.028837e+001 7.286839e+000 5.253323e+001
2.266495e+001 1.524865e+001 5.717716e+001
2.477964e+001 1.158170e+001 5.538531e+001
2.288169e+001 7.359443e+000 5.552128e+001
6.187493e+000 1.455909e+001 5.652478e+001
4.502618e+000 1.090791e+001 5.462555e+001
5.955585e+000 6.873828e+000 5.344616e+001
2.204507e+001 1.555243e+001 5.296613e+001
2.347816e+001 1.191631e+001 5.229830e+001
2.274620e+001 8.049932e+000 5.181244e+001
7.099124e+000 1.512682e+001 5.253120e+001
5.637117e+000 1.131634e+001 5.247423e+001
6.216586e+000 7.282710e+000 5.224781e+001
1.938732e+001 1.545002e+001 4.454406e+001
2.053235e+001 1.265188e+001 4.742094e+001
2.051497e+001 9.023819e+000 4.948327e+001
1.032829e+001 1.559764e+001 4.452934e+001
8.948444e+000 1.282656e+001 4.718551e+001
8.741158e+000 9.420517e+000 4.942015e+001
2.103597e+001 1.638831e+001 4.184270e+001
1.704480e+001 1.884280e+001 4.175173e+001
1.236399e+001 1.868051e+001 4.158544e+001
8.628832e+000 1.585046e+001 4.161589e+001
1.947275e+001 5.710861e+000 6.115148e+001
1.652003e+001 3.237589e+000 6.064461e+001
1.263807e+001 3.169968e+000 6.050526e+001
9.643410e+000 5.640600e+000 6.064930e+001
8.087854e+000 1.571798e+001 4.857980e+001
1.066148e+001 1.729875e+001 6.232551e+001
1.041670e+001 1.933345e+001 5.692682e+001
1.100115e+001 1.935925e+001 5.241272e+001
1.160526e+001 1.897083e+001 4.826846e+001
1.254259e+001 1.812173e+001 4.429887e+001
1.453089e+001 1.967272e+001 6.074163e+001
1.471389e+001 2.085870e+001 5.666285e+001
1.486942e+001 2.063960e+001 5.244210e+001
1.492938e+001 2.007509e+001 4.834794e+001
1.491450e+001 1.871922e+001 4.431200e+001
1.821592e+001 1.723479e+001 6.300929e+001
1.887587e+001 1.950441e+001 5.724479e+001
1.856430e+001 1.950715e+001 5.262283e+001
1.815811e+001 1.921927e+001 4.829684e+001
1.714468e+001 1.784729e+001 4.438622e+001
2.136393e+001 1.639001e+001 4.854045e+001
