[individuals]
1
[dimensions]
3
[landmarks]
71
[rawpoints]
'#1
8.809876e+000 6.907533e+001 1.510061e+001
2.764222e+001 6.822597e+001 1.461966e+001
1.737878e+001 6.166440e+001 1.151954e+001
1.680320e+001 5.150349e+001 1.819841e+001
1.494646e+001 4.344603e+001 2.611933e+001
1.805233e+001 4.288007e+001 2.586869e+001
1.473149e+001 6.804823e+001 8.345433e+000
2.102939e+001 6.788377e+001 8.232471e+000
1.810435e+001 7.259737e+001 1.328860e+001
1.806325e+001 7.328912e+001 1.594999e+001
1.801771e+001 7.305781e+001 1.869007e+001
1.803169e+001 7.132653e+001 2.082682e+001
1.265421e+001 7.115669e+001 1.737052e+001
1.192725e+001 7.067926e+001 1.697446e+001
1.150014e+001 6.995403e+001 1.652183e+001
1.125250e+001 6.909072e+001 1.619525e+001
2.319784e+001 7.086171e+001 1.794526e+001
2.445163e+001 6.993201e+001 1.733124e+001
2.495678e+001 6.849745e+001 1.662395e+001
2.486711e+001 6.699300e+001 1.588769e+001
1.106169e+001 6.686633e+001 1.973133e+001
7.546678e+000 6.329192e+001 1.818930e+001
8.785872e+000 5.992881e+001 1.436015e+001
1.265734e+001 5.650912e+001 1.526868e+001
2.554121e+001 6.609079e+001 1.879542e+001
2.815163e+001 6.219579e+001 1.705569e+001
2.542205e+001 5.894120e+001 1.441522e+001
2.158672e+001 5.582173e+001 1.517093e+001
9.976657e+000 6.306968e+001 2.177540e+001
8.322307e+000 5.972124e+001 2.000469e+001
8.862249e+000 5.756359e+001 1.652099e+001
2.616906e+001 6.269909e+001 2.076428e+001
2.711377e+001 5.886344e+001 1.918925e+001
2.571371e+001 5.647792e+001 1.595909e+001
1.071747e+001 5.905690e+001 2.302350e+001
9.189558e+000 5.753506e+001 2.030822e+001
9.733804e+000 5.628616e+001 1.711960e+001
2.514746e+001 5.879421e+001 2.203828e+001
2.595662e+001 5.678424e+001 1.939948e+001
2.471168e+001 5.547544e+001 1.650213e+001
1.300827e+001 5.105474e+001 2.427282e+001
1.189561e+001 5.277333e+001 2.127026e+001
1.200700e+001 5.405929e+001 1.787315e+001
2.107278e+001 5.022776e+001 2.405600e+001
2.214654e+001 5.201980e+001 2.111701e+001
2.211937e+001 5.339433e+001 1.778356e+001
1.081914e+001 4.905141e+001 2.493068e+001
1.495977e+001 4.879910e+001 2.675274e+001
1.948902e+001 4.868809e+001 2.671930e+001
2.313031e+001 4.813557e+001 2.408062e+001
1.334622e+001 6.534866e+001 1.123342e+001
1.603583e+001 6.484998e+001 9.260927e+000
1.939172e+001 6.451972e+001 9.320268e+000
2.215340e+001 6.468338e+001 1.124895e+001
2.342828e+001 5.458698e+001 2.305104e+001
2.181379e+001 6.903986e+001 2.068571e+001
2.221992e+001 6.337567e+001 2.469347e+001
2.142217e+001 5.865353e+001 2.542761e+001
2.019092e+001 5.430297e+001 2.564996e+001
1.884360e+001 5.020508e+001 2.600225e+001
1.797963e+001 6.672358e+001 2.329914e+001
1.777656e+001 6.286645e+001 2.545164e+001
1.750104e+001 5.865060e+001 2.613564e+001
1.715175e+001 5.443583e+001 2.634276e+001
1.666886e+001 5.014094e+001 2.641546e+001
1.491245e+001 6.943192e+001 2.098418e+001
1.376627e+001 6.355323e+001 2.475668e+001
1.396276e+001 5.878502e+001 2.556298e+001
1.435109e+001 5.449056e+001 2.580036e+001
1.484702e+001 5.042180e+001 2.573978e+001
1.139707e+001 5.501759e+001 2.408306e+001
