[individuals]
1
[dimensions]
3
[landmarks]
71
[rawpoints]
'#1
5.707312e+000 5.553142e+001 1.306075e+001
2.176982e+001 5.444045e+001 1.275888e+001
1.319870e+001 4.864540e+001 8.910506e+000
1.281948e+001 4.032339e+001 1.367254e+001
1.148892e+001 3.224535e+001 2.076099e+001
1.391526e+001 3.183557e+001 2.036235e+001
1.024929e+001 5.448215e+001 6.600199e+000
1.656231e+001 5.404176e+001 6.533330e+000
1.384523e+001 5.834037e+001 1.120052e+001
1.383573e+001 5.901263e+001 1.406495e+001
1.373864e+001 5.870946e+001 1.699000e+001
1.357566e+001 5.662707e+001 1.906211e+001
9.646078e+000 5.800048e+001 1.430205e+001
8.803872e+000 5.752088e+001 1.417612e+001
8.095848e+000 5.685401e+001 1.408061e+001
7.586320e+000 5.602109e+001 1.412264e+001
1.728807e+001 5.771705e+001 1.472716e+001
1.837854e+001 5.729229e+001 1.433203e+001
1.922426e+001 5.644778e+001 1.402001e+001
1.971148e+001 5.532952e+001 1.382579e+001
6.509211e+000 5.390716e+001 1.622983e+001
4.450207e+000 5.123385e+001 1.341008e+001
6.673505e+000 4.777628e+001 1.184364e+001
9.116534e+000 4.413588e+001 1.149300e+001
2.078730e+001 5.287109e+001 1.586419e+001
2.113850e+001 5.047253e+001 1.242458e+001
1.875405e+001 4.706675e+001 1.177236e+001
1.631753e+001 4.366197e+001 1.135016e+001
5.838181e+000 5.125389e+001 1.804880e+001
3.580014e+000 4.943735e+001 1.451204e+001
5.369229e+000 4.674718e+001 1.127606e+001
2.155207e+001 5.079047e+001 1.690992e+001
2.296764e+001 4.794838e+001 1.394111e+001
1.984314e+001 4.620213e+001 1.147343e+001
6.425373e+000 4.744352e+001 1.887519e+001
5.398578e+000 4.550756e+001 1.608805e+001
5.883289e+000 4.395658e+001 1.293673e+001
2.086839e+001 4.741211e+001 1.799764e+001
2.090778e+001 4.466407e+001 1.548423e+001
1.993488e+001 4.329920e+001 1.215824e+001
8.939056e+000 3.993233e+001 1.963810e+001
8.055079e+000 4.119905e+001 1.682945e+001
8.150652e+000 4.207113e+001 1.374643e+001
1.713571e+001 3.910825e+001 1.931325e+001
1.807475e+001 4.090724e+001 1.673008e+001
1.788441e+001 4.183288e+001 1.358402e+001
7.140184e+000 3.775002e+001 1.983569e+001
1.058859e+001 3.743171e+001 2.224349e+001
1.480088e+001 3.722231e+001 2.230932e+001
1.831640e+001 3.696880e+001 1.999222e+001
9.345219e+000 5.205973e+001 9.251711e+000
1.152979e+001 5.040390e+001 7.873454e+000
1.457846e+001 5.032337e+001 7.538161e+000
1.696246e+001 5.174418e+001 8.846234e+000
1.932433e+001 4.320240e+001 1.896720e+001
1.749170e+001 5.542574e+001 1.807701e+001
1.775296e+001 5.048296e+001 2.133855e+001
1.706943e+001 4.642282e+001 2.179836e+001
1.614692e+001 4.265217e+001 2.169352e+001
1.538720e+001 3.901391e+001 2.147771e+001
1.390139e+001 5.313715e+001 2.048155e+001
1.351225e+001 4.979691e+001 2.224763e+001
1.321109e+001 4.618005e+001 2.271564e+001
1.299125e+001 4.256928e+001 2.269322e+001
1.289270e+001 3.887386e+001 2.203514e+001
1.017619e+001 5.633062e+001 1.790773e+001
9.309236e+000 5.076043e+001 2.146189e+001
9.684665e+000 4.650313e+001 2.192386e+001
1.011938e+001 4.261343e+001 2.207377e+001
1.096618e+001 3.932579e+001 2.170075e+001
7.171709e+000 4.312016e+001 1.989404e+001
