[individuals]
1
[dimensions]
3
[landmarks]
71
[rawpoints]
'#1
-1.943412e+001 9.488754e+001 -1.028215e+003
1.290321e+001 9.578399e+001 -1.032507e+003
-3.466510e+000 7.607142e+001 -1.039129e+003
7.979400e-002 4.646544e+001 -1.022527e+003
-2.882828e+000 3.309536e+001 -1.007029e+003
8.429829e+000 3.282822e+001 -1.008349e+003
-1.601709e+001 9.824225e+001 -1.044078e+003
5.162135e+000 9.818742e+001 -1.045215e+003
-3.353514e+000 1.044660e+002 -1.033445e+003
-2.573084e+000 1.056036e+002 -1.026353e+003
-2.501093e+000 1.029107e+002 -1.019649e+003
-1.959724e+000 9.742345e+001 -1.014980e+003
-1.274227e+001 1.032237e+002 -1.027118e+003
-1.649121e+001 1.030549e+002 -1.025969e+003
-1.914459e+001 1.002306e+002 -1.025345e+003
-1.868709e+001 9.634843e+001 -1.024991e+003
6.860010e+000 1.047180e+002 -1.028490e+003
1.036834e+001 1.038997e+002 -1.029214e+003
1.305376e+001 1.014281e+002 -1.029641e+003
1.270907e+001 9.778406e+001 -1.029317e+003
-1.599994e+001 9.184941e+001 -1.020384e+003
-2.028468e+001 8.463083e+001 -1.028046e+003
-1.841101e+001 7.390985e+001 -1.031323e+003
-1.399685e+001 6.344569e+001 -1.030881e+003
1.230282e+001 9.273888e+001 -1.024370e+003
1.652873e+001 8.337318e+001 -1.027969e+003
1.705654e+001 7.399212e+001 -1.033468e+003
1.064255e+001 6.521732e+001 -1.034086e+003
-2.138116e+001 7.867838e+001 -1.015061e+003
-2.185907e+001 7.267960e+001 -1.021503e+003
-2.152887e+001 6.572420e+001 -1.026908e+003
1.952271e+001 7.907292e+001 -1.018865e+003
1.946384e+001 7.383975e+001 -1.025602e+003
1.834194e+001 6.810500e+001 -1.031817e+003
-2.073101e+001 6.420222e+001 -1.010277e+003
-2.012368e+001 6.242902e+001 -1.017442e+003
-1.686481e+001 6.282639e+001 -1.024082e+003
2.076598e+001 6.563840e+001 -1.016115e+003
1.845881e+001 6.443928e+001 -1.022634e+003
1.516769e+001 6.415978e+001 -1.028827e+003
-4.148918e+000 4.288664e+001 -1.012466e+003
-8.680498e+000 4.951402e+001 -1.018183e+003
-1.030053e+001 5.689228e+001 -1.024514e+003
7.085497e+000 4.429250e+001 -1.012013e+003
1.024302e+001 5.072149e+001 -1.019466e+003
9.542637e+000 5.809109e+001 -1.026680e+003
-5.618969e+000 3.677802e+001 -1.009513e+003
6.113390e-002 3.833496e+001 -1.006824e+003
6.326008e+000 3.858817e+001 -1.008439e+003
1.070928e+001 3.654166e+001 -1.012742e+003
-1.568774e+001 9.074250e+001 -1.036964e+003
-1.035843e+001 8.572489e+001 -1.042254e+003
-1.393291e+000 8.540129e+001 -1.043297e+003
6.558281e+000 8.910835e+001 -1.041152e+003
1.593629e+001 5.455684e+001 -1.014474e+003
3.684609e+000 9.373894e+001 -1.016900e+003
1.001448e+001 7.677956e+001 -1.007455e+003
1.098164e+001 6.452711e+001 -1.006405e+003
8.903852e+000 5.390062e+001 -1.007460e+003
6.776935e+000 4.392397e+001 -1.010187e+003
1.420738e-001 8.422739e+001 -1.006738e+003
6.740207e-001 7.388905e+001 -1.002919e+003
1.144083e+000 6.375365e+001 -1.001584e+003
1.691208e+000 5.378411e+001 -1.005527e+003
2.165547e+000 4.387461e+001 -1.008988e+003
-7.768872e+000 9.356602e+001 -1.017373e+003
-1.027097e+001 7.644296e+001 -1.005497e+003
-8.964948e+000 6.379156e+001 -1.004180e+003
-5.596042e+000 5.317153e+001 -1.005769e+003
-2.670651e+000 4.362014e+001 -1.009897e+003
-1.362240e+001 5.261647e+001 -1.009393e+003
