[individuals]
1
[dimensions]
3
[landmarks]
71
[rawpoints]
'#1
-6.567951e+000 2.974135e+001 -8.714650e+002
3.008998e+001 3.169365e+001 -8.724380e+002
1.115508e+001 1.974006e+001 -8.852198e+002
1.339956e+001 -1.598740e+001 -8.878651e+002
9.085713e+000 -3.663870e+001 -8.826307e+002
1.932341e+001 -3.694931e+001 -8.829391e+002
4.553560e-001 3.994287e+001 -8.804334e+002
2.190923e+001 4.097768e+001 -8.812639e+002
1.189660e+001 4.052835e+001 -8.643004e+002
1.225898e+001 3.690099e+001 -8.605307e+002
1.262136e+001 3.327362e+001 -8.567610e+002
1.298373e+001 2.964625e+001 -8.529913e+002
1.353414e+000 3.783019e+001 -8.613367e+002
-9.731207e-001 3.570858e+001 -8.629886e+002
-3.299655e+000 3.358697e+001 -8.646406e+002
-5.626190e+000 3.146535e+001 -8.662925e+002
2.168081e+001 3.798339e+001 -8.598329e+002
2.413577e+001 3.629166e+001 -8.622104e+002
2.659072e+001 3.459993e+001 -8.645880e+002
2.904568e+001 3.290820e+001 -8.669656e+002
-4.656558e+000 2.269481e+001 -8.605574e+002
-4.217108e+000 1.642139e+001 -8.687424e+002
-3.777658e+000 1.014797e+001 -8.769274e+002
-3.338209e+000 3.874549e+000 -8.851124e+002
2.777201e+001 2.674160e+001 -8.625020e+002
2.766185e+001 1.945926e+001 -8.705996e+002
2.755168e+001 1.217691e+001 -8.786973e+002
2.744152e+001 4.894569e+000 -8.867949e+002
-7.934113e+000 1.522800e+001 -8.624689e+002
-6.402144e+000 1.144352e+001 -8.700167e+002
-4.870177e+000 7.659034e+000 -8.775646e+002
3.428189e+001 1.811134e+001 -8.645708e+002
3.200177e+001 1.370575e+001 -8.719788e+002
2.972164e+001 9.300160e+000 -8.793869e+002
-1.031949e+001 3.670900e-002 -8.656265e+002
-7.992395e+000 1.315989e+000 -8.721218e+002
-5.665302e+000 2.595269e+000 -8.786171e+002
3.771213e+001 7.083109e+000 -8.681536e+002
3.428859e+001 6.353595e+000 -8.743674e+002
3.086506e+001 5.624082e+000 -8.805812e+002
7.162947e+000 -2.392979e+001 -8.800247e+002
3.662561e+000 -1.466168e+001 -8.817205e+002
1.621761e-001 -5.393564e+000 -8.834165e+002
2.011205e+001 -2.374540e+001 -8.793665e+002
2.255521e+001 -1.419874e+001 -8.818427e+002
2.499836e+001 -4.652085e+000 -8.843188e+002
6.088896e+000 -3.154920e+001 -8.812374e+002
1.191267e+001 -3.098463e+001 -8.815378e+002
1.773645e+001 -3.042006e+001 -8.818384e+002
2.356023e+001 -2.985549e+001 -8.821390e+002
6.716080e-001 2.877454e+001 -8.804993e+002
7.984020e+000 2.890082e+001 -8.809487e+002
1.529643e+001 2.902710e+001 -8.813982e+002
2.260884e+001 2.915339e+001 -8.818477e+002
3.425732e+001 -6.737628e+000 -8.731267e+002
1.913546e+001 2.428015e+001 -8.587991e+002
2.475642e+001 6.283203e+000 -8.583539e+002
2.630171e+001 -5.265094e+000 -8.621201e+002
2.410449e+001 -1.559950e+001 -8.682794e+002
1.714538e+001 -2.525631e+001 -8.767408e+002
1.445869e+001 1.025602e+001 -8.526345e+002
1.454194e+001 -8.468264e-001 -8.550068e+002
1.449296e+001 -1.055556e+001 -8.596877e+002
1.431175e+001 -1.887018e+001 -8.666771e+002
1.399830e+001 -2.579069e+001 -8.759752e+002
5.847542e+000 2.388341e+001 -8.576047e+002
3.109663e+000 4.172543e+000 -8.571100e+002
2.285897e+000 -8.788294e+000 -8.608564e+002
4.421119e+000 -1.909920e+001 -8.674393e+002
1.067082e+001 -2.534851e+001 -8.770698e+002
-6.918524e+000 -1.548169e+001 -8.711162e+002
