[individuals]
1
[dimensions]
3
[landmarks]
71
[rawpoints]
'#1
1.327200e+001 -1.188305e+002 -2.515091e+002
-1.644060e+001 -1.183541e+002 -2.498242e+002
-5.632460e-001 -1.109344e+002 -2.381383e+002
-4.619620e-001 -1.281379e+002 -2.013529e+002
2.947001e+000 -1.419223e+002 -1.856197e+002
-6.244688e+000 -1.422013e+002 -1.854536e+002
8.720427e+000 -1.087459e+002 -2.541454e+002
-1.090395e+001 -1.090972e+002 -2.536853e+002
-2.176079e+000 -1.219763e+002 -2.594381e+002
-2.311440e+000 -1.276572e+002 -2.594089e+002
-2.320831e+000 -1.333028e+002 -2.587636e+002
-2.382067e+000 -1.375031e+002 -2.549370e+002
7.676003e+000 -1.258434e+002 -2.601812e+002
1.204878e+001 -1.249856e+002 -2.587986e+002
1.569553e+001 -1.247463e+002 -2.558985e+002
1.475474e+001 -1.267540e+002 -2.517933e+002
-1.253024e+001 -1.279577e+002 -2.594236e+002
-1.611647e+001 -1.253007e+002 -2.583556e+002
-1.866176e+001 -1.233200e+002 -2.550902e+002
-1.765427e+001 -1.230478e+002 -2.506226e+002
1.033671e+001 -1.332734e+002 -2.455752e+002
1.845454e+001 -1.308599e+002 -2.356944e+002
1.853112e+001 -1.203567e+002 -2.280096e+002
1.201324e+001 -1.205631e+002 -2.167480e+002
-1.736808e+001 -1.318950e+002 -2.439395e+002
-2.321548e+001 -1.284863e+002 -2.335228e+002
-2.271628e+001 -1.200514e+002 -2.244169e+002
-1.369755e+001 -1.190200e+002 -2.159374e+002
1.902097e+001 -1.401229e+002 -2.330451e+002
2.106678e+001 -1.316414e+002 -2.274897e+002
2.072450e+001 -1.230526e+002 -2.217370e+002
-2.374310e+001 -1.377804e+002 -2.310652e+002
-2.519079e+001 -1.319655e+002 -2.227914e+002
-2.190285e+001 -1.251057e+002 -2.159719e+002
2.009198e+001 -1.425231e+002 -2.212319e+002
1.981978e+001 -1.346730e+002 -2.181370e+002
1.757941e+001 -1.268514e+002 -2.158823e+002
-2.324946e+001 -1.401324e+002 -2.158434e+002
-2.269275e+001 -1.321106e+002 -2.144805e+002
-1.860287e+001 -1.251076e+002 -2.136144e+002
6.380858e+000 -1.368695e+002 -1.974240e+002
8.818392e+000 -1.314158e+002 -2.037625e+002
9.445404e+000 -1.265321e+002 -2.109478e+002
-8.368566e+000 -1.380733e+002 -1.963403e+002
-1.245671e+001 -1.321817e+002 -2.026375e+002
-1.153661e+001 -1.261588e+002 -2.099833e+002
7.407104e+000 -1.384397e+002 -1.923629e+002
1.920744e+000 -1.423854e+002 -1.923121e+002
-4.831561e+000 -1.423682e+002 -1.920282e+002
-1.013851e+001 -1.382004e+002 -1.916558e+002
1.081323e+001 -1.153866e+002 -2.448106e+002
4.390034e+000 -1.090590e+002 -2.441224e+002
-4.632733e+000 -1.084670e+002 -2.441863e+002
-1.187900e+001 -1.138756e+002 -2.441597e+002
-1.770665e+001 -1.399684e+002 -2.027699e+002
-7.249356e+000 -1.361353e+002 -2.443405e+002
-1.375270e+001 -1.469328e+002 -2.256744e+002
-1.403607e+001 -1.477663e+002 -2.137154e+002
-1.057463e+001 -1.446231e+002 -2.042698e+002
-5.155830e+000 -1.418781e+002 -1.965106e+002
-2.609367e+000 -1.446545e+002 -2.361542e+002
-2.848239e+000 -1.468781e+002 -2.254726e+002
-2.662867e+000 -1.476348e+002 -2.152260e+002
-2.308190e+000 -1.463149e+002 -2.056820e+002
-1.698141e+000 -1.431294e+002 -1.967480e+002
4.892318e+000 -1.370380e+002 -2.445907e+002
1.020022e+001 -1.476119e+002 -2.275165e+002
1.035912e+001 -1.487000e+002 -2.158113e+002
6.956746e+000 -1.460460e+002 -2.064522e+002
2.171898e+000 -1.414268e+002 -1.970525e+002
1.610253e+001 -1.412501e+002 -2.087606e+002
