[individuals]
1
[dimensions]
3
[landmarks]
71
[rawpoints]
'#1
-1.120107e+001 5.512957e+001 -8.793973e+002
2.402497e+001 5.546420e+001 -8.832103e+002
4.497650e+000 4.810170e+001 -8.958340e+002
2.651030e+000 1.324843e+001 -9.047907e+002
-2.867063e+000 -5.101700e+000 -9.025000e+002
9.866767e+000 -4.466209e+000 -9.040837e+002
-4.648300e+000 6.621243e+001 -8.864903e+002
1.565054e+001 6.699512e+001 -8.880792e+002
7.739889e+000 6.545232e+001 -8.741620e+002
8.166808e+000 6.125327e+001 -8.691168e+002
8.722544e+000 5.634315e+001 -8.647749e+002
8.133699e+000 4.980720e+001 -8.652239e+002
-3.152452e+000 6.137881e+001 -8.694675e+002
-7.077433e+000 6.097265e+001 -8.703847e+002
-9.887336e+000 5.868871e+001 -8.722017e+002
-1.002666e+001 5.543655e+001 -8.746133e+002
1.814466e+001 6.110741e+001 -8.711881e+002
2.140366e+001 6.016001e+001 -8.731573e+002
2.406922e+001 5.842806e+001 -8.754573e+002
2.362830e+001 5.577644e+001 -8.783156e+002
-1.003685e+001 4.795519e+001 -8.778945e+002
-1.495274e+001 4.562312e+001 -8.859642e+002
-1.279376e+001 4.143070e+001 -8.944785e+002
-7.522338e+000 3.485244e+001 -8.993427e+002
2.309973e+001 4.736785e+001 -8.799735e+002
2.453297e+001 4.783633e+001 -8.897548e+002
2.053895e+001 4.193240e+001 -8.966214e+002
1.610578e+001 3.444770e+001 -9.013409e+002
-1.517853e+001 3.881865e+001 -8.784553e+002
-1.644367e+001 3.781115e+001 -8.866779e+002
-1.424449e+001 3.668223e+001 -8.946855e+002
2.691903e+001 4.104002e+001 -8.797315e+002
2.689108e+001 3.991505e+001 -8.889894e+002
2.365259e+001 3.846401e+001 -8.976141e+002
-1.573381e+001 2.630872e+001 -8.833578e+002
-1.515975e+001 2.910113e+001 -8.898984e+002
-1.316912e+001 3.185929e+001 -8.961707e+002
2.807487e+001 2.870531e+001 -8.847953e+002
2.680182e+001 3.050969e+001 -8.922386e+002
2.311054e+001 3.220280e+001 -8.988563e+002
-2.272639e+000 6.242439e+000 -8.974717e+002
-5.109571e+000 1.555945e+001 -8.980873e+002
-5.751498e+000 2.527767e+001 -8.987004e+002
1.053166e+001 6.707565e+000 -8.979849e+002
1.357918e+001 1.556574e+001 -8.999608e+002
1.428452e+001 2.510733e+001 -9.002950e+002
-4.331440e+000 7.141990e-001 -9.001000e+002
1.436675e+000 -6.572474e-001 -8.985192e+002
7.572747e+000 -7.412835e-001 -8.983212e+002
1.218729e+001 1.031574e+000 -9.019595e+002
-6.119208e+000 5.639340e+001 -8.881786e+002
-1.599189e-001 5.843404e+001 -8.927190e+002
7.505579e+000 5.876214e+001 -8.939131e+002
1.503629e+001 5.739930e+001 -8.926017e+002
2.331754e+001 1.768402e+001 -8.907073e+002
1.438081e+001 4.427717e+001 -8.724171e+002
1.874840e+001 2.823717e+001 -8.749823e+002
1.809730e+001 1.847817e+001 -8.812656e+002
1.374446e+001 1.199731e+001 -8.885133e+002
7.568390e+000 4.500597e+000 -8.951108e+002
7.655581e+000 3.138687e+001 -8.709245e+002
7.350761e+000 2.291573e+001 -8.750510e+002
6.670644e+000 1.577545e+001 -8.806263e+002
5.798714e+000 1.017609e+001 -8.874697e+002
4.396967e+000 3.763327e+000 -8.941183e+002
1.138880e+000 4.412663e+001 -8.716849e+002
-6.045770e+000 2.573370e+001 -8.723546e+002
-5.408582e+000 1.694291e+001 -8.803500e+002
-1.992158e+000 1.108003e+001 -8.881199e+002
9.548499e-001 4.147440e+000 -8.946522e+002
-9.719547e+000 1.439175e+001 -8.901377e+002
