[individuals]
1
[dimensions]
3
[landmarks]
71
[rawpoints]
'#1
1.765701e+000 4.145699e+001 3.617286e+000
1.451367e+001 4.184393e+001 3.599331e+000
8.046241e+000 3.893128e+001 1.801468e+000
8.092054e+000 2.807279e+001 6.206284e+000
6.134198e+000 2.433203e+001 9.836527e+000
1.021500e+001 2.428734e+001 9.538284e+000
5.562589e+000 4.293454e+001 1.729961e+000
1.030673e+001 4.325418e+001 1.677986e+000
8.243177e+000 4.484171e+001 6.063502e+000
8.242810e+000 4.462339e+001 7.265066e+000
8.243521e+000 4.406516e+001 8.351200e+000
8.238043e+000 4.304646e+001 9.024688e+000
5.230498e+000 4.402096e+001 6.009375e+000
4.168427e+000 4.346737e+001 5.828611e+000
3.314149e+000 4.261617e+001 5.714620e+000
3.267807e+000 4.141210e+001 5.591226e+000
1.047298e+001 4.413649e+001 5.751948e+000
1.173222e+001 4.385278e+001 5.666072e+000
1.271400e+001 4.301102e+001 5.630548e+000
1.299659e+001 4.177155e+001 5.391009e+000
2.431125e+000 3.936411e+001 5.843487e+000
1.308692e+000 3.771789e+001 4.253716e+000
3.376936e+000 3.649209e+001 3.406617e+000
5.049994e+000 3.474793e+001 2.596199e+000
1.345531e+001 3.967299e+001 6.670063e+000
1.447548e+001 3.731236e+001 5.594010e+000
1.334775e+001 3.626631e+001 3.268853e+000
1.108587e+001 3.477253e+001 2.617798e+000
2.577450e+000 3.685446e+001 7.027723e+000
2.297392e+000 3.567486e+001 5.279785e+000
3.110715e+000 3.500320e+001 3.432401e+000
1.316835e+001 3.700262e+001 7.767210e+000
1.385959e+001 3.580635e+001 5.795982e+000
1.327208e+001 3.507297e+001 3.579582e+000
3.591359e+000 3.436353e+001 7.936994e+000
3.252143e+000 3.401056e+001 5.920551e+000
3.674965e+000 3.389096e+001 3.892542e+000
1.220617e+001 3.434499e+001 8.327824e+000
1.285286e+001 3.400108e+001 6.227638e+000
1.258881e+001 3.392340e+001 4.020423e+000
6.004498e+000 2.908948e+001 9.509018e+000
4.688265e+000 3.092727e+001 7.360877e+000
4.816472e+000 3.236890e+001 4.598670e+000
1.032478e+001 2.914703e+001 9.233101e+000
1.146104e+001 3.094149e+001 7.119602e+000
1.143976e+001 3.254166e+001 4.586500e+000
5.481962e+000 2.664950e+001 9.150368e+000
6.855518e+000 2.673662e+001 1.099277e+001
9.154552e+000 2.668391e+001 1.100293e+001
1.076120e+001 2.670908e+001 9.357800e+000
4.747415e+000 4.077156e+001 2.245739e+000
6.937847e+000 4.054624e+001 1.365352e+000
9.307899e+000 4.054948e+001 1.444463e+000
1.145242e+001 4.090358e+001 2.392693e+000
1.125080e+001 3.162097e+001 8.893788e+000
1.017284e+001 4.138817e+001 8.814882e+000
1.069915e+001 3.694459e+001 9.889619e+000
1.029486e+001 3.404671e+001 9.860857e+000
9.845037e+000 3.146040e+001 1.006001e+001
9.207945e+000 2.934076e+001 1.003247e+001
8.101040e+000 3.872383e+001 9.752805e+000
8.220301e+000 3.632943e+001 1.017302e+001
8.241696e+000 3.394243e+001 1.037617e+001
8.136118e+000 3.156781e+001 1.031015e+001
7.984149e+000 2.919381e+001 9.733435e+000
5.573074e+000 4.132835e+001 8.684754e+000
5.341290e+000 3.683390e+001 9.908967e+000
5.871612e+000 3.401080e+001 9.907484e+000
6.258090e+000 3.149277e+001 1.010214e+001
6.647110e+000 2.929032e+001 1.006267e+001
4.758013e+000 3.174875e+001 8.759914e+000
