[individuals]
1
[dimensions]
3
[landmarks]
71
[rawpoints]
'#1
7.504050e+000 5.444767e+001 1.695704e+001
2.714996e+001 5.396014e+001 1.666850e+001
1.730452e+001 4.673359e+001 1.209639e+001
1.701008e+001 3.411819e+001 1.860246e+001
1.429540e+001 2.647672e+001 2.322239e+001
1.943010e+001 2.641375e+001 2.228395e+001
1.374970e+001 5.460191e+001 1.163830e+001
2.101124e+001 5.446247e+001 1.170329e+001
1.739158e+001 5.886362e+001 1.833366e+001
1.749371e+001 5.861053e+001 2.088931e+001
1.758831e+001 5.764706e+001 2.327022e+001
1.770058e+001 5.560888e+001 2.483195e+001
1.219145e+001 5.743282e+001 1.947970e+001
1.067367e+001 5.691418e+001 1.873689e+001
1.035932e+001 5.518925e+001 1.851177e+001
1.062759e+001 5.351415e+001 1.900822e+001
2.285013e+001 5.732331e+001 1.966780e+001
2.423723e+001 5.652150e+001 1.894193e+001
2.431777e+001 5.477885e+001 1.871618e+001
2.378365e+001 5.310313e+001 1.869452e+001
8.754868e+000 5.135221e+001 1.983924e+001
7.739987e+000 4.839820e+001 1.654693e+001
1.013153e+001 4.558924e+001 1.390398e+001
1.390717e+001 4.309930e+001 1.353048e+001
2.564479e+001 5.116684e+001 2.003315e+001
2.713044e+001 4.728612e+001 1.724442e+001
2.442890e+001 4.491729e+001 1.376094e+001
1.986045e+001 4.288023e+001 1.360422e+001
7.596750e+000 4.681437e+001 2.153774e+001
7.556815e+000 4.481279e+001 1.775792e+001
9.744660e+000 4.308498e+001 1.451410e+001
2.682755e+001 4.601683e+001 2.177132e+001
2.680951e+001 4.406550e+001 1.768018e+001
2.437311e+001 4.305603e+001 1.399357e+001
8.536512e+000 4.234866e+001 2.261753e+001
8.935250e+000 4.174341e+001 1.882948e+001
1.105356e+001 4.155079e+001 1.561223e+001
2.530260e+001 4.143437e+001 2.281784e+001
2.522346e+001 4.133511e+001 1.868087e+001
2.360611e+001 4.167359e+001 1.488623e+001
1.303810e+001 3.267957e+001 2.422195e+001
1.290139e+001 3.616124e+001 2.059464e+001
1.382952e+001 4.002384e+001 1.750973e+001
2.054157e+001 3.269812e+001 2.376193e+001
2.026887e+001 3.611501e+001 2.036461e+001
1.958998e+001 3.976271e+001 1.727844e+001
1.110880e+001 3.015415e+001 2.371926e+001
1.458028e+001 2.919326e+001 2.513334e+001
1.844900e+001 2.927264e+001 2.508449e+001
2.209345e+001 2.975754e+001 2.387730e+001
1.238070e+001 5.217012e+001 1.358816e+001
1.548885e+001 5.151960e+001 1.185112e+001
1.910784e+001 5.150562e+001 1.178403e+001
2.217723e+001 5.223127e+001 1.356010e+001
2.265164e+001 3.710465e+001 2.339645e+001
2.028313e+001 5.238712e+001 2.355961e+001
2.206593e+001 4.528376e+001 2.679160e+001
2.137091e+001 4.031103e+001 2.655876e+001
2.054791e+001 3.591430e+001 2.638681e+001
1.914297e+001 3.245377e+001 2.478848e+001
1.722033e+001 4.811794e+001 2.607380e+001
1.692218e+001 4.417749e+001 2.728380e+001
1.683149e+001 4.022498e+001 2.707424e+001
1.691806e+001 3.634322e+001 2.640317e+001
1.719086e+001 3.254792e+001 2.481249e+001
1.472940e+001 5.246114e+001 2.376219e+001
1.199138e+001 4.573999e+001 2.665090e+001
1.240266e+001 4.080695e+001 2.639772e+001
1.336137e+001 3.629428e+001 2.631789e+001
1.510445e+001 3.249144e+001 2.492991e+001
1.085491e+001 3.776988e+001 2.329900e+001
