[individuals]
1
[dimensions]
3
[landmarks]
71
[rawpoints]
'#1
6.628827e+001 -9.717027e+001 -2.149664e+002
1.090835e+002 -1.004468e+002 -2.187022e+002
8.709254e+001 -1.096129e+002 -1.936262e+002
9.406843e+001 -8.448819e+001 -1.604559e+002
9.110784e+001 -6.777340e+001 -1.477871e+002
1.017547e+002 -6.852206e+001 -1.474272e+002
7.748532e+001 -1.190019e+002 -2.139395e+002
9.211489e+001 -1.209794e+002 -2.151587e+002
8.631884e+001 -1.071377e+002 -2.235051e+002
8.717502e+001 -1.009602e+002 -2.254396e+002
8.791274e+001 -9.447233e+001 -2.254742e+002
8.837438e+001 -8.816029e+001 -2.238681e+002
7.701703e+001 -9.598428e+001 -2.251743e+002
7.373370e+001 -9.430411e+001 -2.227754e+002
7.188850e+001 -9.243449e+001 -2.192458e+002
7.163681e+001 -9.130404e+001 -2.150011e+002
9.754094e+001 -9.792488e+001 -2.261053e+002
1.009864e+002 -9.874660e+001 -2.249732e+002
1.034171e+002 -9.934107e+001 -2.222225e+002
1.040794e+002 -9.882150e+001 -2.186004e+002
7.051404e+001 -8.907373e+001 -2.116342e+002
6.636646e+001 -9.072805e+001 -1.982133e+002
7.014516e+001 -1.020574e+002 -1.906348e+002
8.012996e+001 -1.041850e+002 -1.808442e+002
1.088789e+002 -9.576964e+001 -2.134516e+002
1.146639e+002 -9.288587e+001 -1.991048e+002
1.097860e+002 -1.049520e+002 -1.902615e+002
9.757076e+001 -1.061051e+002 -1.804092e+002
6.918568e+001 -7.949408e+001 -1.970345e+002
6.735028e+001 -8.705107e+001 -1.874424e+002
6.946066e+001 -9.824262e+001 -1.826705e+002
1.138758e+002 -8.577882e+001 -1.987941e+002
1.140258e+002 -9.488470e+001 -1.905135e+002
1.092319e+002 -1.039507e+002 -1.837074e+002
7.398296e+001 -7.686842e+001 -1.848409e+002
7.270291e+001 -8.669221e+001 -1.800350e+002
7.278312e+001 -9.715835e+001 -1.766150e+002
1.105338e+002 -8.194081e+001 -1.871837e+002
1.088245e+002 -9.075441e+001 -1.820740e+002
1.056194e+002 -9.991078e+001 -1.785235e+002
8.726994e+001 -7.371458e+001 -1.582648e+002
8.768285e+001 -8.405106e+001 -1.665913e+002
8.494949e+001 -9.266792e+001 -1.763187e+002
1.031641e+002 -7.396523e+001 -1.598132e+002
1.002447e+002 -8.460810e+001 -1.669151e+002
9.763512e+001 -9.376122e+001 -1.759512e+002
8.669887e+001 -7.163766e+001 -1.527148e+002
9.243851e+001 -6.849078e+001 -1.541536e+002
9.910758e+001 -6.882210e+001 -1.547301e+002
1.052712e+002 -7.126824e+001 -1.537570e+002
7.381851e+001 -1.030054e+002 -2.090135e+002
7.955350e+001 -1.122522e+002 -2.038406e+002
9.119610e+001 -1.153343e+002 -2.041509e+002
9.916866e+001 -1.080327e+002 -2.094689e+002
1.061783e+002 -7.805175e+001 -1.738351e+002
9.435055e+001 -9.052898e+001 -2.186413e+002
1.037253e+002 -7.236929e+001 -2.029706e+002
1.043087e+002 -6.871723e+001 -1.876806e+002
1.028993e+002 -6.794975e+001 -1.734425e+002
9.969786e+001 -7.116194e+001 -1.596264e+002
9.003838e+001 -8.012762e+001 -2.157808e+002
9.263071e+001 -6.965530e+001 -2.023992e+002
9.499141e+001 -6.598840e+001 -1.877903e+002
9.601350e+001 -6.521544e+001 -1.735448e+002
9.569593e+001 -7.038326e+001 -1.593061e+002
8.403661e+001 -8.803421e+001 -2.175554e+002
8.077274e+001 -6.946603e+001 -2.016148e+002
8.432064e+001 -6.567313e+001 -1.864241e+002
8.783375e+001 -6.592723e+001 -1.725254e+002
9.150843e+001 -7.052717e+001 -1.588522e+002
8.135017e+001 -7.662123e+001 -1.727738e+002
