[individuals]
1
[dimensions]
3
[landmarks]
71
[rawpoints]
'#1
7.012110e+001 -8.825887e+001 -1.993833e+002
1.111289e+002 -9.393087e+001 -1.988291e+002
8.939426e+001 -1.014237e+002 -1.808567e+002
9.263343e+001 -8.261330e+001 -1.531150e+002
9.009657e+001 -7.005856e+001 -1.384992e+002
9.855146e+001 -7.096222e+001 -1.386923e+002
8.289521e+001 -1.068256e+002 -1.977903e+002
9.663763e+001 -1.070798e+002 -1.981720e+002
9.015803e+001 -9.644177e+001 -2.081562e+002
9.098286e+001 -8.973120e+001 -2.088049e+002
9.147254e+001 -8.295834e+001 -2.086559e+002
9.193540e+001 -7.691925e+001 -2.055823e+002
8.120415e+001 -8.522004e+001 -2.082194e+002
7.740816e+001 -8.586356e+001 -2.061205e+002
7.519701e+001 -8.627425e+001 -2.023561e+002
7.502731e+001 -8.666665e+001 -1.979919e+002
1.005292e+002 -8.790398e+001 -2.075529e+002
1.039942e+002 -8.881359e+001 -2.054855e+002
1.060759e+002 -8.943785e+001 -2.019662e+002
1.064414e+002 -9.019999e+001 -1.979171e+002
7.507175e+001 -8.247721e+001 -1.952716e+002
7.083023e+001 -8.979116e+001 -1.855708e+002
7.324610e+001 -9.534608e+001 -1.742176e+002
8.250047e+001 -9.495857e+001 -1.652849e+002
1.076081e+002 -8.495869e+001 -1.962094e+002
1.091353e+002 -9.440192e+001 -1.859617e+002
1.042310e+002 -1.008433e+002 -1.745172e+002
9.463528e+001 -9.375136e+001 -1.671595e+002
7.129204e+001 -7.677027e+001 -1.849983e+002
6.933980e+001 -8.562849e+001 -1.778475e+002
7.184642e+001 -9.293626e+001 -1.692610e+002
1.128792e+002 -8.092521e+001 -1.860634e+002
1.111289e+002 -9.150912e+001 -1.784730e+002
1.056410e+002 -1.002145e+002 -1.703040e+002
7.246248e+001 -7.252289e+001 -1.734102e+002
7.158302e+001 -8.107460e+001 -1.690545e+002
7.545355e+001 -8.846887e+001 -1.642349e+002
1.114007e+002 -7.737003e+001 -1.738901e+002
1.092847e+002 -8.359519e+001 -1.662952e+002
1.038543e+002 -9.165796e+001 -1.637634e+002
8.715788e+001 -7.104916e+001 -1.467307e+002
8.624306e+001 -7.919776e+001 -1.531052e+002
8.512691e+001 -8.588029e+001 -1.609772e+002
1.005176e+002 -7.363838e+001 -1.477746e+002
9.927729e+001 -8.071371e+001 -1.540508e+002
9.661581e+001 -8.706079e+001 -1.606554e+002
8.615633e+001 -7.117226e+001 -1.428259e+002
9.084477e+001 -6.855860e+001 -1.449499e+002
9.656421e+001 -6.933980e+001 -1.450095e+002
1.009634e+002 -7.283826e+001 -1.436928e+002
8.088460e+001 -1.016290e+002 -1.892810e+002
8.664613e+001 -1.048808e+002 -1.879161e+002
9.339350e+001 -1.048944e+002 -1.882389e+002
9.847533e+001 -1.011865e+002 -1.907009e+002
1.059954e+002 -7.537727e+001 -1.612916e+002
9.801832e+001 -8.013264e+001 -1.994408e+002
1.025744e+002 -6.582420e+001 -1.846196e+002
1.024787e+002 -6.302942e+001 -1.709225e+002
1.008289e+002 -6.402952e+001 -1.582486e+002
9.831847e+001 -7.057599e+001 -1.465215e+002
9.157034e+001 -6.973602e+001 -1.934099e+002
9.167731e+001 -6.113670e+001 -1.821268e+002
9.207272e+001 -5.996480e+001 -1.702005e+002
9.275658e+001 -6.233072e+001 -1.583953e+002
9.372891e+001 -6.933980e+001 -1.464448e+002
8.706157e+001 -7.877431e+001 -2.000709e+002
8.138264e+001 -6.543360e+001 -1.840938e+002
8.246722e+001 -6.273981e+001 -1.709272e+002
8.583324e+001 -6.456126e+001 -1.587941e+002
8.925636e+001 -6.933980e+001 -1.466805e+002
8.015494e+001 -7.080757e+001 -1.614193e+002
