[individuals]
1
[dimensions]
3
[landmarks]
71
[rawpoints]
'#1
1.060745e+002 9.189606e+001 -2.149458e+002
6.124356e+001 8.834461e+001 -2.148310e+002
8.273660e+001 1.004554e+002 -1.940325e+002
8.327284e+001 7.477119e+001 -1.608206e+002
8.902161e+001 5.773746e+001 -1.499368e+002
7.797214e+001 5.639274e+001 -1.512733e+002
9.088095e+001 1.095606e+002 -2.124694e+002
7.324025e+001 1.086083e+002 -2.121927e+002
8.354695e+001 9.864954e+001 -2.233405e+002
8.359379e+001 9.120177e+001 -2.257790e+002
8.358011e+001 8.337621e+001 -2.262006e+002
8.361057e+001 7.854147e+001 -2.200331e+002
9.320042e+001 8.987136e+001 -2.242693e+002
9.731502e+001 9.045445e+001 -2.220392e+002
1.010082e+002 9.102446e+001 -2.191622e+002
1.013378e+002 8.974214e+001 -2.146357e+002
7.353918e+001 8.760683e+001 -2.248820e+002
6.982291e+001 8.790949e+001 -2.228336e+002
6.695638e+001 8.812534e+001 -2.196975e+002
6.648158e+001 8.835823e+001 -2.154761e+002
1.043921e+002 8.270456e+001 -2.119418e+002
1.052134e+002 9.215360e+001 -2.021213e+002
9.778425e+001 9.808402e+001 -1.923203e+002
9.197218e+001 9.567522e+001 -1.802033e+002
6.327904e+001 8.160357e+001 -2.114308e+002
6.123626e+001 9.058987e+001 -2.020860e+002
6.916221e+001 9.648186e+001 -1.934410e+002
7.302448e+001 9.565308e+001 -1.809249e+002
1.081035e+002 7.687891e+001 -2.007222e+002
1.072950e+002 8.859900e+001 -1.957794e+002
1.010521e+002 9.735999e+001 -1.889740e+002
6.071799e+001 7.183849e+001 -2.020636e+002
5.759745e+001 7.999448e+001 -1.921536e+002
6.172318e+001 9.074384e+001 -1.856818e+002
1.064228e+002 7.109450e+001 -1.876715e+002
1.055871e+002 8.095320e+001 -1.815714e+002
1.012666e+002 9.015402e+001 -1.759340e+002
6.332648e+001 6.719937e+001 -1.874844e+002
6.220159e+001 7.741634e+001 -1.816380e+002
6.477684e+001 8.805725e+001 -1.771700e+002
9.200652e+001 6.268427e+001 -1.582313e+002
9.165317e+001 7.369266e+001 -1.656531e+002
9.190034e+001 8.378847e+001 -1.742788e+002
7.482832e+001 6.228807e+001 -1.586475e+002
7.531498e+001 7.346253e+001 -1.662059e+002
7.360870e+001 8.350851e+001 -1.750593e+002
9.328293e+001 6.222247e+001 -1.535152e+002
8.727064e+001 5.812624e+001 -1.538308e+002
8.002913e+001 5.740210e+001 -1.540710e+002
7.354514e+001 6.071380e+001 -1.539550e+002
9.627029e+001 9.891138e+001 -2.074421e+002
8.828157e+001 1.057953e+002 -2.023139e+002
7.656599e+001 1.053705e+002 -2.026098e+002
6.963089e+001 9.766296e+001 -2.080877e+002
7.011690e+001 6.466409e+001 -1.725995e+002
7.715063e+001 8.072991e+001 -2.163450e+002
7.304373e+001 6.188688e+001 -2.007825e+002
7.343739e+001 5.729642e+001 -1.862975e+002
7.583735e+001 5.642972e+001 -1.724063e+002
7.757429e+001 6.021028e+001 -1.585435e+002
8.497861e+001 6.961991e+001 -2.098900e+002
8.480586e+001 5.945348e+001 -1.986528e+002
8.433250e+001 5.522240e+001 -1.860220e+002
8.409201e+001 5.609378e+001 -1.727209e+002
8.361699e+001 5.988686e+001 -1.584394e+002
8.972733e+001 8.107776e+001 -2.157586e+002
9.672334e+001 6.408266e+001 -2.011364e+002
9.573009e+001 5.885246e+001 -1.863318e+002
9.232869e+001 5.724804e+001 -1.723754e+002
8.959135e+001 6.065324e+001 -1.583354e+002
9.662920e+001 6.568820e+001 -1.726307e+002
