[individuals]
1
[dimensions]
3
[landmarks]
71
[rawpoints]
'#1
1.180898e+001 8.982783e+001 2.876391e+001
3.311792e+001 8.956636e+001 2.367266e+001
2.107143e+001 8.181231e+001 2.155624e+001
2.173639e+001 6.767775e+001 2.774487e+001
2.439099e+001 5.460548e+001 3.316726e+001
2.085147e+001 5.499922e+001 3.416524e+001
1.730499e+001 8.962433e+001 1.946066e+001
2.417274e+001 8.943578e+001 1.809697e+001
2.263747e+001 9.430769e+001 2.649013e+001
2.323222e+001 9.435618e+001 2.982099e+001
2.376442e+001 9.355043e+001 3.306412e+001
2.422248e+001 9.123436e+001 3.548824e+001
1.816629e+001 9.300852e+001 3.115425e+001
1.725224e+001 9.275690e+001 3.059575e+001
1.633839e+001 9.242657e+001 3.007958e+001
1.601311e+001 9.146146e+001 2.966318e+001
2.865792e+001 9.276989e+001 2.934809e+001
2.934562e+001 9.228123e+001 2.846727e+001
2.994478e+001 9.153909e+001 2.770722e+001
3.008780e+001 9.039605e+001 2.730648e+001
1.369416e+001 8.633479e+001 3.267970e+001
1.139882e+001 8.350952e+001 2.907343e+001
1.418790e+001 7.943835e+001 2.769501e+001
1.674774e+001 7.540384e+001 2.584413e+001
3.243429e+001 8.501160e+001 2.934567e+001
3.400442e+001 7.962465e+001 2.838874e+001
2.962846e+001 7.809294e+001 2.454961e+001
2.537086e+001 7.405907e+001 2.391976e+001
1.361854e+001 8.127644e+001 3.461496e+001
1.026109e+001 8.014474e+001 3.108660e+001
1.368216e+001 7.894504e+001 2.761789e+001
3.285619e+001 8.009555e+001 3.138140e+001
3.351230e+001 7.722712e+001 2.721059e+001
2.998355e+001 7.622762e+001 2.365874e+001
1.474547e+001 7.604976e+001 3.482379e+001
1.249133e+001 7.615101e+001 3.118799e+001
1.355915e+001 7.759836e+001 2.704133e+001
3.144524e+001 7.513980e+001 3.181314e+001
3.106210e+001 7.338456e+001 2.830954e+001
2.895305e+001 7.285677e+001 2.502666e+001
1.826523e+001 6.530440e+001 3.419698e+001
1.647358e+001 6.891985e+001 3.196324e+001
1.580872e+001 7.159097e+001 2.826289e+001
2.736078e+001 6.493356e+001 3.246824e+001
2.791794e+001 6.805285e+001 2.922140e+001
2.665862e+001 6.992980e+001 2.528781e+001
1.638069e+001 6.146781e+001 3.585593e+001
2.113845e+001 6.168780e+001 3.657750e+001
2.589595e+001 6.163068e+001 3.582387e+001
2.961766e+001 6.152615e+001 3.276726e+001
1.671607e+001 8.714737e+001 2.302950e+001
1.905039e+001 8.685905e+001 1.999874e+001
2.281729e+001 8.677926e+001 1.927560e+001
2.603172e+001 8.681673e+001 2.136923e+001
2.977531e+001 6.981739e+001 3.222215e+001
2.719970e+001 8.731117e+001 3.440738e+001
2.896654e+001 7.991702e+001 3.670674e+001
2.815243e+001 7.410621e+001 3.639669e+001
2.724350e+001 6.886381e+001 3.597373e+001
2.565272e+001 6.403519e+001 3.468103e+001
2.437728e+001 8.418597e+001 3.721545e+001
2.429323e+001 7.922380e+001 3.861459e+001
2.409667e+001 7.389278e+001 3.804694e+001
2.377053e+001 6.882834e+001 3.712246e+001
2.331740e+001 6.382058e+001 3.536460e+001
2.064986e+001 8.808128e+001 3.571319e+001
1.904992e+001 8.060152e+001 3.843707e+001
1.947729e+001 7.460672e+001 3.796307e+001
1.988664e+001 6.917048e+001 3.728236e+001
2.082268e+001 6.422046e+001 3.560201e+001
1.609247e+001 7.045483e+001 3.464831e+001
