[individuals]
1
[dimensions]
3
[landmarks]
71
[rawpoints]
'#1
5.404982e+000 7.047416e+001 1.754841e+001
2.993508e+001 7.057155e+001 1.596730e+001
1.720433e+001 6.016652e+001 1.174660e+001
1.708488e+001 4.298489e+001 1.827105e+001
1.401657e+001 2.989469e+001 2.338178e+001
2.064837e+001 3.039483e+001 2.374172e+001
1.369941e+001 6.926933e+001 8.173860e+000
2.079819e+001 6.935735e+001 7.929590e+000
1.760893e+001 7.438945e+001 1.583619e+001
1.752810e+001 7.432166e+001 1.944622e+001
1.738532e+001 7.312849e+001 2.285201e+001
1.727728e+001 7.045578e+001 2.527855e+001
1.260082e+001 7.279122e+001 1.910607e+001
1.023232e+001 7.226778e+001 1.861307e+001
9.042609e+000 7.011452e+001 1.833886e+001
8.013409e+000 6.789436e+001 1.796668e+001
2.199471e+001 7.263064e+001 1.922388e+001
2.437296e+001 7.200202e+001 1.862418e+001
2.574393e+001 6.992836e+001 1.814383e+001
2.690956e+001 6.776311e+001 1.754037e+001
8.515464e+000 6.515734e+001 2.223563e+001
4.408968e+000 5.988323e+001 2.014057e+001
7.533165e+000 5.594977e+001 1.525765e+001
1.327082e+001 5.197277e+001 1.468033e+001
2.736453e+001 6.463942e+001 2.076952e+001
2.811237e+001 6.092078e+001 1.664614e+001
2.442920e+001 5.681135e+001 1.565089e+001
2.139301e+001 5.225588e+001 1.444997e+001
7.102924e+000 5.955118e+001 2.417160e+001
4.951421e+000 5.645159e+001 1.955174e+001
7.583319e+000 5.375341e+001 1.492840e+001
2.779222e+001 6.004212e+001 2.342586e+001
3.026816e+001 5.760510e+001 1.885089e+001
2.604203e+001 5.541983e+001 1.562848e+001
8.542435e+000 5.363634e+001 2.413293e+001
7.618082e+000 5.213119e+001 2.007651e+001
9.069650e+000 5.142923e+001 1.595658e+001
2.662003e+001 5.392628e+001 2.359518e+001
2.658710e+001 5.111927e+001 2.017498e+001
2.544268e+001 5.122246e+001 1.590216e+001
1.259769e+001 4.165736e+001 2.369159e+001
1.193999e+001 4.519404e+001 2.056522e+001
1.145754e+001 4.813320e+001 1.684454e+001
2.206327e+001 4.189384e+001 2.334938e+001
2.257186e+001 4.540145e+001 2.019313e+001
2.299768e+001 4.824641e+001 1.641802e+001
1.048142e+001 3.704444e+001 2.473782e+001
1.471272e+001 3.765764e+001 2.716092e+001
1.962358e+001 3.768841e+001 2.734164e+001
2.391569e+001 3.728446e+001 2.498260e+001
1.193787e+001 6.544358e+001 1.191190e+001
1.523277e+001 6.472108e+001 9.783233e+000
1.922048e+001 6.471359e+001 9.697784e+000
2.282388e+001 6.508659e+001 1.136679e+001
2.448172e+001 4.795266e+001 2.246163e+001
2.124836e+001 6.595604e+001 2.499819e+001
2.224708e+001 5.717264e+001 2.809435e+001
2.166459e+001 5.102766e+001 2.781984e+001
2.101179e+001 4.557356e+001 2.716271e+001
1.972236e+001 4.094815e+001 2.565379e+001
1.648746e+001 6.050017e+001 2.867751e+001
1.656623e+001 5.537955e+001 2.923754e+001
1.663321e+001 5.049356e+001 2.855547e+001
1.684830e+001 4.557398e+001 2.762867e+001
1.712531e+001 4.082879e+001 2.594227e+001
1.383284e+001 6.642992e+001 2.503177e+001
1.194308e+001 5.725449e+001 2.775793e+001
1.236490e+001 5.128226e+001 2.741577e+001
1.326386e+001 4.569377e+001 2.712241e+001
1.469077e+001 4.094938e+001 2.558145e+001
1.054619e+001 4.736316e+001 2.432711e+001
