[individuals]
1
[dimensions]
3
[landmarks]
71
[rawpoints]
'#1
8.362701e+000 3.782425e+001 2.608729e+001
3.190303e+001 3.759718e+001 2.634212e+001
2.024231e+001 2.931742e+001 2.173821e+001
2.048997e+001 1.422966e+001 2.884061e+001
1.839762e+001 3.743340e+000 3.504762e+001
2.342038e+001 3.004350e+000 3.429343e+001
1.658549e+001 3.804028e+001 1.899634e+001
2.390801e+001 3.790756e+001 1.901282e+001
2.089616e+001 4.162724e+001 2.672862e+001
2.113750e+001 4.221720e+001 2.989972e+001
2.120580e+001 4.176414e+001 3.310163e+001
2.124900e+001 3.942728e+001 3.533746e+001
1.521821e+001 4.046115e+001 2.993793e+001
1.398294e+001 4.004941e+001 2.976357e+001
1.297070e+001 3.923185e+001 2.958273e+001
1.235537e+001 3.807717e+001 2.946448e+001
2.463672e+001 4.065832e+001 2.989021e+001
2.622948e+001 4.001170e+001 2.917481e+001
2.761195e+001 3.882333e+001 2.879579e+001
2.826053e+001 3.707901e+001 2.885350e+001
1.111916e+001 3.358567e+001 3.166109e+001
8.841959e+000 2.841889e+001 2.983101e+001
1.329519e+001 2.639514e+001 2.633220e+001
1.726115e+001 2.258640e+001 2.401603e+001
2.978151e+001 3.384831e+001 3.104586e+001
3.020165e+001 3.009559e+001 2.754385e+001
2.747852e+001 2.609026e+001 2.579270e+001
2.433001e+001 2.218095e+001 2.463997e+001
1.007784e+001 2.805906e+001 3.234687e+001
9.151168e+000 2.474540e+001 2.888207e+001
1.296425e+001 2.385745e+001 2.595870e+001
3.119251e+001 2.939543e+001 3.206551e+001
3.259517e+001 2.643488e+001 2.819692e+001
2.871354e+001 2.456930e+001 2.552237e+001
1.193023e+001 2.254941e+001 3.344694e+001
1.122840e+001 2.145289e+001 2.940562e+001
1.353386e+001 2.170619e+001 2.584916e+001
2.991383e+001 2.329100e+001 3.293721e+001
3.045861e+001 2.242834e+001 2.901820e+001
2.824700e+001 2.247097e+001 2.562621e+001
1.618873e+001 1.274331e+001 3.486550e+001
1.467377e+001 1.570781e+001 3.076393e+001
1.444802e+001 1.892247e+001 2.657829e+001
2.594720e+001 1.283927e+001 3.446528e+001
2.732364e+001 1.655055e+001 3.143811e+001
2.746183e+001 1.944048e+001 2.738090e+001
1.429723e+001 8.306974e+000 3.452906e+001
1.833588e+001 9.007873e+000 3.723454e+001
2.323657e+001 9.087410e+000 3.692084e+001
2.760125e+001 8.148106e+000 3.487383e+001
1.516331e+001 3.432669e+001 2.299052e+001
1.833587e+001 3.300487e+001 2.080189e+001
2.240521e+001 3.284949e+001 2.093919e+001
2.556400e+001 3.409534e+001 2.319155e+001
2.755147e+001 1.724471e+001 3.369670e+001
2.544838e+001 3.548826e+001 3.520182e+001
2.613610e+001 2.746632e+001 3.811681e+001
2.558983e+001 2.155902e+001 3.774213e+001
2.474568e+001 1.637152e+001 3.716740e+001
2.375774e+001 1.213655e+001 3.579324e+001
2.076926e+001 3.091321e+001 3.803531e+001
2.080918e+001 2.589811e+001 3.950716e+001
2.096651e+001 2.112409e+001 3.892176e+001
2.105921e+001 1.663424e+001 3.738501e+001
2.102562e+001 1.200873e+001 3.534912e+001
1.680859e+001 3.555249e+001 3.538296e+001
1.543508e+001 2.686733e+001 3.816570e+001
1.625760e+001 2.125580e+001 3.796631e+001
1.718499e+001 1.634842e+001 3.752795e+001
1.825337e+001 1.226619e+001 3.589985e+001
1.399996e+001 1.708854e+001 3.524079e+001
