[individuals]
1
[dimensions]
3
[landmarks]
71
[rawpoints]
'#1
-2.462870e+001 4.704997e+001 1.176857e+001
5.445339e+000 4.627370e+001 1.059585e+001
-1.031047e+001 3.952223e+001 1.995801e+001
-9.477945e+000 5.161108e+001 4.807773e+001
-1.309364e+001 6.073621e+001 5.997468e+001
-2.949653e+000 6.032983e+001 5.933525e+001
-1.496248e+001 3.866734e+001 8.051205e+000
-5.478615e+000 3.868200e+001 7.887930e+000
-9.624048e+000 4.822429e+001 3.144897e+000
-9.792669e+000 5.196364e+001 4.694505e+000
-9.931321e+000 5.581614e+001 5.940101e+000
-1.004141e+001 5.855262e+001 8.925304e+000
-1.539729e+001 5.091883e+001 5.173317e+000
-1.775199e+001 5.088087e+001 6.784928e+000
-1.992283e+001 5.083616e+001 8.636560e+000
-2.074085e+001 5.081218e+001 1.137051e+001
-2.266214e+000 4.938154e+001 7.043785e+000
-3.940940e-001 4.889484e+001 7.619118e+000
1.559051e+000 4.851317e+001 7.953774e+000
3.056437e+000 4.788157e+001 9.150211e+000
-2.261157e+001 4.910674e+001 1.889481e+001
-2.394038e+001 4.566305e+001 2.530435e+001
-2.010048e+001 4.084239e+001 2.939343e+001
-1.464923e+001 4.017393e+001 3.434724e+001
2.511320e+000 5.332973e+001 2.068081e+001
3.773773e+000 4.765672e+001 2.582565e+001
1.262426e+000 4.146409e+001 2.977467e+001
-4.763866e+000 3.992852e+001 3.441969e+001
-2.326628e+001 5.238022e+001 2.596786e+001
-2.248393e+001 4.792403e+001 3.045494e+001
-2.044836e+001 4.259471e+001 3.329311e+001
1.874653e+000 5.499672e+001 2.705237e+001
2.872648e+000 4.874217e+001 2.993582e+001
1.296871e+000 4.225990e+001 3.191772e+001
-2.044424e+001 5.393858e+001 3.222735e+001
-2.082431e+001 4.881721e+001 3.470593e+001
-1.885704e+001 4.363252e+001 3.603447e+001
3.153305e-001 5.584605e+001 3.378862e+001
1.744964e+000 4.972063e+001 3.464352e+001
4.800899e-001 4.350031e+001 3.461190e+001
-1.470369e+001 5.705471e+001 4.760923e+001
-1.599439e+001 5.130133e+001 4.341547e+001
-1.491162e+001 4.547001e+001 3.927045e+001
-3.578510e+000 5.725663e+001 4.707181e+001
-8.791904e-001 5.232288e+001 4.200365e+001
-3.212601e+000 4.581328e+001 3.892275e+001
-1.672140e+001 5.976682e+001 5.495517e+001
-1.195701e+001 6.293600e+001 5.467290e+001
-6.247112e+000 6.289027e+001 5.420559e+001
-8.279900e-001 6.103747e+001 5.436224e+001
-1.967797e+001 4.161460e+001 1.108349e+001
-1.393567e+001 3.880356e+001 1.113334e+001
-7.566379e+000 3.825394e+001 1.101958e+001
-1.707191e+000 4.081276e+001 1.099715e+001
-1.293985e+000 5.707281e+001 4.065682e+001
-5.263793e+000 5.751359e+001 1.380858e+001
-3.372644e+000 6.009098e+001 2.537308e+001
-4.233319e+000 5.978895e+001 3.340289e+001
-4.909551e+000 5.959626e+001 4.057850e+001
-5.955812e+000 5.888990e+001 4.679810e+001
-9.391769e+000 6.064074e+001 1.903615e+001
-9.231178e+000 6.111762e+001 2.603777e+001
-9.108522e+000 6.091159e+001 3.301662e+001
-8.942729e+000 6.014970e+001 3.995896e+001
-8.612179e+000 5.935039e+001 4.681668e+001
-1.375210e+001 5.752802e+001 1.420026e+001
-1.557805e+001 6.014970e+001 2.496640e+001
-1.465158e+001 6.014970e+001 3.279033e+001
-1.363973e+001 5.974458e+001 4.006053e+001
-1.208257e+001 5.943315e+001 4.688064e+001
-1.799600e+001 5.569886e+001 3.982748e+001
