[individuals]
1
[dimensions]
3
[landmarks]
71
[rawpoints]
'#1
9.576964e+001 7.949370e+001 -1.262250e+003
5.644975e+001 7.819785e+001 -1.260434e+003
7.687181e+001 8.597621e+001 -1.245719e+003
7.971109e+001 7.413074e+001 -1.208452e+003
8.525523e+001 5.929395e+001 -1.191581e+003
7.472052e+001 5.915935e+001 -1.191658e+003
8.569450e+001 9.025450e+001 -1.265456e+003
6.641106e+001 9.113727e+001 -1.265504e+003
7.587443e+001 7.788014e+001 -1.277137e+003
7.568510e+001 7.283305e+001 -1.279234e+003
7.552653e+001 6.738519e+001 -1.278780e+003
7.583990e+001 6.353524e+001 -1.274909e+003
8.459663e+001 7.176518e+001 -1.277632e+003
8.916197e+001 7.227961e+001 -1.274584e+003
9.190884e+001 7.403961e+001 -1.270139e+003
9.422675e+001 7.590275e+001 -1.265496e+003
6.805861e+001 7.178664e+001 -1.275566e+003
6.261754e+001 7.226864e+001 -1.273652e+003
6.017183e+001 7.432504e+001 -1.268826e+003
5.835011e+001 7.670370e+001 -1.263874e+003
9.081660e+001 7.076640e+001 -1.258553e+003
9.331049e+001 7.897638e+001 -1.251729e+003
9.061643e+001 8.340371e+001 -1.242068e+003
8.717825e+001 8.314691e+001 -1.231662e+003
6.094034e+001 7.215125e+001 -1.256270e+003
5.814191e+001 7.964820e+001 -1.249188e+003
6.240468e+001 8.276054e+001 -1.239896e+003
6.768723e+001 8.290253e+001 -1.230608e+003
9.545216e+001 6.885498e+001 -1.249503e+003
9.846539e+001 7.748072e+001 -1.245858e+003
9.345198e+001 8.274309e+001 -1.239228e+003
5.741284e+001 7.060556e+001 -1.247725e+003
5.472768e+001 7.573804e+001 -1.240628e+003
6.020238e+001 8.104993e+001 -1.235554e+003
9.755315e+001 6.709633e+001 -1.238612e+003
9.847195e+001 7.421655e+001 -1.235521e+003
9.430341e+001 8.051278e+001 -1.233502e+003
5.711618e+001 6.778017e+001 -1.236284e+003
5.671415e+001 7.398477e+001 -1.232432e+003
6.116369e+001 7.962512e+001 -1.231057e+003
8.594907e+001 6.637013e+001 -1.210730e+003
8.713367e+001 7.200672e+001 -1.217610e+003
8.683044e+001 7.759048e+001 -1.224626e+003
7.276328e+001 6.468902e+001 -1.209885e+003
6.903116e+001 7.070624e+001 -1.216203e+003
6.906927e+001 7.698418e+001 -1.223320e+003
8.976592e+001 6.481945e+001 -1.200276e+003
8.410702e+001 5.941995e+001 -1.201693e+003
7.618607e+001 5.875537e+001 -1.201703e+003
6.990497e+001 6.355975e+001 -1.200901e+003
9.007082e+001 8.531117e+001 -1.257546e+003
8.184992e+001 9.017999e+001 -1.256844e+003
7.234798e+001 9.107126e+001 -1.256009e+003
6.395049e+001 8.647421e+001 -1.255646e+003
5.970766e+001 6.254266e+001 -1.224582e+003
6.734516e+001 6.907788e+001 -1.262532e+003
6.577252e+001 5.633593e+001 -1.247784e+003
6.694287e+001 5.317655e+001 -1.234488e+003
7.089393e+001 5.761391e+001 -1.222351e+003
7.612323e+001 6.135926e+001 -1.209494e+003
7.631508e+001 5.894027e+001 -1.259790e+003
7.702544e+001 5.242968e+001 -1.247043e+003
7.777621e+001 5.097154e+001 -1.234313e+003
7.826761e+001 5.566594e+001 -1.222275e+003
7.933834e+001 6.032728e+001 -1.209494e+003
8.325175e+001 6.790562e+001 -1.264531e+003
8.744942e+001 5.651030e+001 -1.248965e+003
8.872113e+001 5.383056e+001 -1.235347e+003
8.588437e+001 5.771293e+001 -1.222969e+003
8.277323e+001 6.180480e+001 -1.209901e+003
9.575609e+001 6.602682e+001 -1.225345e+003
