[individuals]
1
[dimensions]
3
[landmarks]
71
[rawpoints]
'#1
8.861690e+001 -7.200929e+001 -1.498060e+002
1.249456e+002 -7.795723e+001 -1.461120e+002
1.040466e+002 -8.944920e+001 -1.360944e+002
1.017766e+002 -8.124803e+001 -1.040415e+002
9.678517e+001 -7.389622e+001 -8.836968e+001
1.081230e+002 -7.504307e+001 -8.841113e+001
9.704633e+001 -8.577328e+001 -1.488930e+002
1.121554e+002 -8.923029e+001 -1.509014e+002
1.073403e+002 -7.527164e+001 -1.558914e+002
1.076904e+002 -6.976669e+001 -1.560199e+002
1.079739e+002 -6.475284e+001 -1.537349e+002
1.084197e+002 -6.172270e+001 -1.491457e+002
9.994690e+001 -7.003397e+001 -1.548139e+002
9.589808e+001 -7.061002e+001 -1.545147e+002
9.330131e+001 -7.096972e+001 -1.513615e+002
9.218257e+001 -7.046313e+001 -1.474492e+002
1.154863e+002 -7.293209e+001 -1.540953e+002
1.188631e+002 -7.493624e+001 -1.529983e+002
1.209141e+002 -7.613092e+001 -1.496832e+002
1.215118e+002 -7.574992e+001 -1.456682e+002
9.101485e+001 -6.696597e+001 -1.431549e+002
8.723368e+001 -7.436454e+001 -1.352157e+002
8.642504e+001 -8.456103e+001 -1.299763e+002
9.438548e+001 -9.038564e+001 -1.240795e+002
1.230430e+002 -7.494910e+001 -1.405803e+002
1.211578e+002 -8.345801e+001 -1.343099e+002
1.147101e+002 -9.128503e+001 -1.307821e+002
1.072576e+002 -9.202108e+001 -1.230885e+002
8.861182e+001 -6.497220e+001 -1.305621e+002
8.445902e+001 -7.419781e+001 -1.263901e+002
8.555080e+001 -8.422481e+001 -1.221440e+002
1.246055e+002 -7.495271e+001 -1.282961e+002
1.221118e+002 -8.409462e+001 -1.264198e+002
1.166546e+002 -9.198935e+001 -1.253241e+002
9.059853e+001 -6.622782e+001 -1.191798e+002
8.906458e+001 -7.530577e+001 -1.182132e+002
9.063451e+001 -8.442731e+001 -1.180696e+002
1.201587e+002 -7.524266e+001 -1.166657e+002
1.173427e+002 -8.314436e+001 -1.162026e+002
1.133686e+002 -9.042242e+001 -1.175498e+002
9.753008e+001 -7.161448e+001 -9.594688e+001
9.552325e+001 -7.780234e+001 -1.053781e+002
9.620621e+001 -8.285764e+001 -1.156369e+002
1.091651e+002 -7.444519e+001 -9.543085e+001
1.088124e+002 -8.056569e+001 -1.045767e+002
1.076687e+002 -8.507228e+001 -1.145571e+002
9.511176e+001 -7.208245e+001 -9.123994e+001
1.004692e+002 -7.148830e+001 -9.103056e+001
1.058030e+002 -7.226950e+001 -9.083745e+001
1.101516e+002 -7.544904e+001 -9.055918e+001
9.344075e+001 -7.967031e+001 -1.467000e+002
9.864692e+001 -8.799097e+001 -1.451989e+002
1.083811e+002 -8.994614e+001 -1.452983e+002
1.165621e+002 -8.432535e+001 -1.455397e+002
1.138068e+002 -7.525987e+001 -1.053826e+002
1.127410e+002 -6.661442e+001 -1.458340e+002
1.182775e+002 -6.089392e+001 -1.279384e+002
1.148547e+002 -6.324986e+001 -1.147828e+002
1.108100e+002 -6.657332e+001 -1.036700e+002
1.065446e+002 -7.145422e+001 -9.402525e+001
1.085306e+002 -6.026209e+001 -1.389414e+002
1.082864e+002 -5.679816e+001 -1.271900e+002
1.065842e+002 -5.915538e+001 -1.151022e+002
1.048885e+002 -6.384314e+001 -1.044912e+002
1.031865e+002 -7.072842e+001 -9.436163e+001
1.032347e+002 -6.484949e+001 -1.461391e+002
9.908266e+001 -5.710458e+001 -1.294646e+002
9.890881e+001 -6.031529e+001 -1.164733e+002
9.946507e+001 -6.438235e+001 -1.052938e+002
1.002753e+002 -7.049103e+001 -9.478767e+001
9.406204e+001 -6.890044e+001 -1.078661e+002
