[individuals]
1
[dimensions]
3
[landmarks]
71
[rawpoints]
'#1
7.710698e+001 -7.239601e+001 -2.461743e+002
1.097583e+002 -6.721813e+001 -2.449714e+002
9.357006e+001 -7.911408e+001 -2.324059e+002
9.205145e+001 -6.656407e+001 -2.059797e+002
8.752557e+001 -5.797052e+001 -1.930992e+002
9.571937e+001 -5.587620e+001 -1.940760e+002
8.830318e+001 -8.325167e+001 -2.454182e+002
1.012011e+002 -8.170279e+001 -2.451255e+002
9.334592e+001 -7.065958e+001 -2.529213e+002
9.274760e+001 -6.551389e+001 -2.533056e+002
9.239991e+001 -6.034856e+001 -2.528803e+002
9.194981e+001 -5.678323e+001 -2.491295e+002
8.485656e+001 -6.714087e+001 -2.527527e+002
8.208660e+001 -6.906379e+001 -2.516326e+002
7.980460e+001 -7.073709e+001 -2.494839e+002
7.943822e+001 -7.037817e+001 -2.459679e+002
1.009980e+002 -6.490645e+001 -2.520780e+002
1.042604e+002 -6.642890e+001 -2.509996e+002
1.069530e+002 -6.772496e+001 -2.487210e+002
1.073493e+002 -6.675874e+001 -2.451110e+002
7.828819e+001 -6.443385e+001 -2.416399e+002
7.874911e+001 -7.331628e+001 -2.372195e+002
8.370612e+001 -7.922112e+001 -2.309573e+002
8.833757e+001 -7.985434e+001 -2.221938e+002
1.072843e+002 -6.258894e+001 -2.404166e+002
1.088773e+002 -6.978290e+001 -2.345306e+002
1.056292e+002 -7.708762e+001 -2.295278e+002
9.912929e+001 -7.894318e+001 -2.229518e+002
7.500666e+001 -6.193578e+001 -2.343825e+002
7.613750e+001 -7.114827e+001 -2.311630e+002
7.965205e+001 -7.918286e+001 -2.267348e+002
1.096197e+002 -5.874936e+001 -2.320364e+002
1.106207e+002 -6.705225e+001 -2.273174e+002
1.080648e+002 -7.546319e+001 -2.234533e+002
7.622299e+001 -5.970365e+001 -2.229044e+002
7.728160e+001 -6.779877e+001 -2.190831e+002
8.214975e+001 -7.522847e+001 -2.175506e+002
1.070405e+002 -5.709847e+001 -2.212389e+002
1.072526e+002 -6.558303e+001 -2.179866e+002
1.043644e+002 -7.416976e+001 -2.172585e+002
8.433376e+001 -5.738927e+001 -1.992118e+002
8.597092e+001 -6.482234e+001 -2.068985e+002
8.706525e+001 -7.177888e+001 -2.151097e+002
9.713526e+001 -5.675583e+001 -2.000704e+002
9.781773e+001 -6.416039e+001 -2.077016e+002
9.818592e+001 -7.121329e+001 -2.156794e+002
8.346240e+001 -5.833842e+001 -1.967598e+002
8.749212e+001 -5.508582e+001 -1.975801e+002
9.268005e+001 -5.440380e+001 -1.979165e+002
9.751545e+001 -5.642416e+001 -1.977456e+002
8.536978e+001 -7.817948e+001 -2.430591e+002
9.104222e+001 -8.244190e+001 -2.400468e+002
9.864487e+001 -8.160083e+001 -2.410029e+002
1.034057e+002 -7.567146e+001 -2.422678e+002
1.019298e+002 -5.684098e+001 -2.101385e+002
9.667627e+001 -5.941236e+001 -2.440927e+002
1.002186e+002 -4.893000e+001 -2.306175e+002
9.860046e+001 -4.933540e+001 -2.189360e+002
9.613780e+001 -5.154110e+001 -2.091692e+002
9.412907e+001 -5.393344e+001 -1.991134e+002
9.171107e+001 -5.174919e+001 -2.387761e+002
9.088178e+001 -4.697020e+001 -2.287735e+002
9.073428e+001 -4.697020e+001 -2.184015e+002
9.067798e+001 -4.967953e+001 -2.084871e+002
9.080019e+001 -5.445001e+001 -1.986514e+002
8.707590e+001 -6.057347e+001 -2.453244e+002
8.203429e+001 -5.073854e+001 -2.318231e+002
8.311028e+001 -5.016484e+001 -2.197089e+002
8.525796e+001 -5.216069e+001 -2.090663e+002
8.721678e+001 -5.489782e+001 -1.986841e+002
8.054952e+001 -5.863717e+001 -2.108459e+002
