[individuals]
1
[dimensions]
3
[landmarks]
71
[rawpoints]
'#1
2.868948e+000 2.286746e+001 5.885005e+000
1.458679e+001 2.356882e+001 6.223720e+000
8.731249e+000 2.010772e+001 5.007842e+000
8.640418e+000 1.660295e+001 1.061391e+001
6.414321e+000 1.438780e+001 1.414888e+001
1.138233e+001 1.424187e+001 1.396666e+001
6.647851e+000 2.258160e+001 3.899440e+000
1.071842e+001 2.290144e+001 3.774337e+000
8.921695e+000 2.574577e+001 6.258841e+000
8.846974e+000 2.636629e+001 7.891162e+000
8.813284e+000 2.660855e+001 9.621773e+000
8.789846e+000 2.630092e+001 1.134216e+001
6.085903e+000 2.633666e+001 9.408261e+000
5.061389e+000 2.599670e+001 8.439711e+000
4.189583e+000 2.515204e+001 7.646093e+000
3.995728e+000 2.372146e+001 7.507895e+000
1.189231e+001 2.639268e+001 9.569613e+000
1.289462e+001 2.596186e+001 8.575477e+000
1.385196e+001 2.510963e+001 7.843549e+000
1.343233e+001 2.390319e+001 7.104781e+000
2.519515e+000 2.363238e+001 7.667802e+000
1.853800e+000 2.102596e+001 6.748017e+000
4.350049e+000 1.966627e+001 6.969203e+000
6.648862e+000 1.803330e+001 7.358210e+000
1.442841e+001 2.472408e+001 7.860300e+000
1.533672e+001 2.211448e+001 6.824915e+000
1.306963e+001 2.022302e+001 6.957800e+000
1.102369e+001 1.813279e+001 7.363165e+000
1.842989e+000 2.273425e+001 9.745638e+000
1.428132e+000 2.080420e+001 7.531372e+000
3.976804e+000 1.931558e+001 7.209412e+000
1.532945e+001 2.328004e+001 9.436950e+000
1.604596e+001 2.092450e+001 7.911401e+000
1.356258e+001 1.953598e+001 7.309590e+000
2.386929e+000 2.148568e+001 1.145558e+001
2.801075e+000 1.944034e+001 9.951404e+000
4.202084e+000 1.844536e+001 8.037138e+000
1.518961e+001 2.162210e+001 1.100211e+001
1.476427e+001 1.969422e+001 9.571634e+000
1.332870e+001 1.877733e+001 7.827497e+000
5.053900e+000 1.826842e+001 1.312061e+001
4.580870e+000 1.800693e+001 1.086069e+001
4.712311e+000 1.761828e+001 8.573522e+000
1.260622e+001 1.809612e+001 1.301057e+001
1.306793e+001 1.809314e+001 1.079219e+001
1.295615e+001 1.795569e+001 8.533212e+000
4.219772e+000 1.619635e+001 1.338508e+001
7.158583e+000 1.613826e+001 1.489040e+001
1.045855e+001 1.610560e+001 1.476740e+001
1.334124e+001 1.604873e+001 1.315706e+001
6.140102e+000 2.102397e+001 5.522755e+000
7.802054e+000 2.063854e+001 4.786071e+000
9.651345e+000 2.072022e+001 4.621095e+000
1.128908e+001 2.122662e+001 5.338598e+000
1.420113e+001 1.996381e+001 1.190255e+001
1.098244e+001 2.640854e+001 1.083456e+001
1.220221e+001 2.392392e+001 1.351833e+001
1.207698e+001 2.157198e+001 1.397831e+001
1.177404e+001 1.973722e+001 1.444362e+001
1.118348e+001 1.808557e+001 1.420132e+001
8.788830e+000 2.470064e+001 1.360495e+001
8.806681e+000 2.310075e+001 1.432818e+001
8.844580e+000 2.146912e+001 1.472175e+001
8.899684e+000 1.979417e+001 1.478050e+001
8.974508e+000 1.807931e+001 1.445354e+001
6.873106e+000 2.630666e+001 1.074186e+001
5.345647e+000 2.376373e+001 1.364260e+001
5.532044e+000 2.148406e+001 1.425108e+001
6.013340e+000 1.975105e+001 1.464982e+001
6.825006e+000 1.834047e+001 1.441034e+001
3.615844e+000 1.995077e+001 1.267071e+001
