[individuals]
1
[dimensions]
3
[landmarks]
71
[rawpoints]
'#1
5.906708e+001 -5.977587e+001 -2.014474e+002
1.050266e+002 -6.397961e+001 -2.038357e+002
8.114572e+001 -7.912943e+001 -1.870166e+002
8.462852e+001 -6.234052e+001 -1.505991e+002
8.264504e+001 -4.756499e+001 -1.337236e+002
9.143349e+001 -4.838124e+001 -1.337092e+002
7.283098e+001 -8.023116e+001 -2.052986e+002
8.903175e+001 -8.091577e+001 -2.060142e+002
8.090001e+001 -6.687805e+001 -2.145559e+002
8.161299e+001 -5.920440e+001 -2.146621e+002
8.168250e+001 -5.164230e+001 -2.131727e+002
8.380952e+001 -4.856579e+001 -2.064336e+002
7.382450e+001 -5.776165e+001 -2.115953e+002
6.838629e+001 -5.873330e+001 -2.108967e+002
6.430974e+001 -5.955274e+001 -2.071932e+002
6.391822e+001 -5.826669e+001 -2.017898e+002
8.956110e+001 -6.047404e+001 -2.129375e+002
9.478843e+001 -6.228019e+001 -2.115392e+002
9.942297e+001 -6.413541e+001 -2.087788e+002
1.004909e+002 -6.320856e+001 -2.032521e+002
6.358942e+001 -5.550906e+001 -2.003831e+002
6.085062e+001 -6.341086e+001 -1.895694e+002
6.304620e+001 -7.248520e+001 -1.795838e+002
7.240993e+001 -7.558579e+001 -1.701195e+002
1.017027e+002 -5.787701e+001 -2.017629e+002
1.031210e+002 -6.813506e+001 -1.921118e+002
9.677247e+001 -7.702597e+001 -1.831094e+002
8.883353e+001 -7.480921e+001 -1.716009e+002
6.399551e+001 -4.571700e+001 -1.892914e+002
6.032729e+001 -5.850823e+001 -1.844984e+002
6.116694e+001 -7.048219e+001 -1.770174e+002
1.061441e+002 -5.259803e+001 -1.898118e+002
1.054524e+002 -6.495889e+001 -1.833063e+002
1.005264e+002 -7.727303e+001 -1.788683e+002
6.570513e+001 -4.447347e+001 -1.746859e+002
6.153783e+001 -5.622572e+001 -1.711905e+002
6.146258e+001 -6.887814e+001 -1.684281e+002
1.050497e+002 -4.999860e+001 -1.749812e+002
1.048922e+002 -6.205688e+001 -1.706885e+002
1.013730e+002 -7.425957e+001 -1.690911e+002
7.805106e+001 -4.928557e+001 -1.447719e+002
7.759788e+001 -5.841634e+001 -1.536757e+002
7.718455e+001 -6.517290e+001 -1.644945e+002
9.400642e+001 -5.080355e+001 -1.461670e+002
9.321827e+001 -5.899943e+001 -1.547054e+002
8.993587e+001 -6.610580e+001 -1.636178e+002
7.660750e+001 -5.022910e+001 -1.401843e+002
8.275799e+001 -4.656176e+001 -1.408276e+002
8.990569e+001 -4.725330e+001 -1.411766e+002
9.602805e+001 -5.096894e+001 -1.418089e+002
6.751882e+001 -7.116628e+001 -1.981888e+002
7.389024e+001 -8.025429e+001 -1.964397e+002
8.498303e+001 -8.130542e+001 -1.978905e+002
9.416473e+001 -7.504575e+001 -1.995502e+002
9.847782e+001 -5.061846e+001 -1.613513e+002
8.954588e+001 -5.349572e+001 -2.058086e+002
9.534775e+001 -4.208428e+001 -1.861686e+002
9.568958e+001 -4.044981e+001 -1.708506e+002
9.306463e+001 -4.289766e+001 -1.575610e+002
9.047441e+001 -4.758630e+001 -1.447956e+002
8.475399e+001 -4.221777e+001 -1.957565e+002
8.520155e+001 -3.708140e+001 -1.826864e+002
8.564725e+001 -3.708140e+001 -1.695502e+002
8.588503e+001 -4.063026e+001 -1.569292e+002
8.623963e+001 -4.668533e+001 -1.443005e+002
7.680508e+001 -5.137546e+001 -2.050292e+002
7.488165e+001 -4.003219e+001 -1.857159e+002
7.603500e+001 -3.881349e+001 -1.707651e+002
7.927247e+001 -4.207063e+001 -1.572707e+002
8.213597e+001 -4.665741e+001 -1.440712e+002
7.252422e+001 -4.772908e+001 -1.600289e+002
