[individuals]
1
[dimensions]
3
[landmarks]
71
[rawpoints]
'#1
6.899170e+001 -7.693306e+001 -2.011673e+002
1.127764e+002 -7.874959e+001 -1.972697e+002
8.834871e+001 -9.007203e+001 -1.846458e+002
8.669928e+001 -6.796539e+001 -1.557092e+002
7.998506e+001 -5.318346e+001 -1.455428e+002
9.119620e+001 -5.437175e+001 -1.444768e+002
8.119280e+001 -9.309183e+001 -2.006828e+002
9.869575e+001 -9.457892e+001 -1.991083e+002
9.155376e+001 -7.996249e+001 -2.099461e+002
9.179085e+001 -7.333692e+001 -2.112054e+002
9.209554e+001 -6.659547e+001 -2.112005e+002
9.253971e+001 -6.126234e+001 -2.070897e+002
8.154622e+001 -7.227740e+001 -2.098557e+002
7.777753e+001 -7.354895e+001 -2.086981e+002
7.462561e+001 -7.485813e+001 -2.063506e+002
7.403887e+001 -7.401278e+001 -2.023382e+002
9.979652e+001 -7.318363e+001 -2.085869e+002
1.043661e+002 -7.492425e+001 -2.074326e+002
1.073329e+002 -7.626736e+001 -2.036064e+002
1.091404e+002 -7.669669e+001 -1.989382e+002
7.343327e+001 -6.789833e+001 -1.986173e+002
6.786370e+001 -7.360762e+001 -1.899766e+002
6.859660e+001 -8.214946e+001 -1.819279e+002
7.637879e+001 -8.511121e+001 -1.736253e+002
1.091106e+002 -7.005647e+001 -1.964491e+002
1.124878e+002 -7.609149e+001 -1.852856e+002
1.076983e+002 -8.545252e+001 -1.774193e+002
9.698506e+001 -8.630299e+001 -1.698723e+002
6.823923e+001 -6.204568e+001 -1.877807e+002
6.476248e+001 -7.099956e+001 -1.826936e+002
6.749699e+001 -7.970297e+001 -1.767843e+002
1.113648e+002 -6.233015e+001 -1.849350e+002
1.134737e+002 -7.198807e+001 -1.770339e+002
1.089241e+002 -8.253974e+001 -1.717299e+002
6.967140e+001 -5.799669e+001 -1.767436e+002
6.597758e+001 -6.846316e+001 -1.743065e+002
6.790359e+001 -7.865730e+001 -1.696706e+002
1.085867e+002 -5.813328e+001 -1.729993e+002
1.097711e+002 -7.011277e+001 -1.699052e+002
1.077350e+002 -8.164040e+001 -1.657283e+002
7.940812e+001 -5.505410e+001 -1.535543e+002
8.014639e+001 -6.544511e+001 -1.598679e+002
7.755225e+001 -7.486994e+001 -1.671354e+002
9.397588e+001 -5.550256e+001 -1.520698e+002
9.462252e+001 -6.578437e+001 -1.581149e+002
9.551291e+001 -7.548436e+001 -1.650284e+002
7.751376e+001 -5.568508e+001 -1.504225e+002
8.290748e+001 -5.200671e+001 -1.501883e+002
8.943929e+001 -5.199950e+001 -1.500636e+002
9.480379e+001 -5.572131e+001 -1.498446e+002
7.736584e+001 -8.459999e+001 -1.949795e+002
8.390833e+001 -9.172037e+001 -1.897644e+002
9.484726e+001 -9.273480e+001 -1.896525e+002
1.027339e+002 -8.609123e+001 -1.934434e+002
1.009715e+002 -5.705212e+001 -1.617484e+002
9.817330e+001 -6.491663e+001 -2.029530e+002
1.028258e+002 -5.279357e+001 -1.851911e+002
9.973348e+001 -5.080252e+001 -1.727898e+002
9.562988e+001 -5.043408e+001 -1.617049e+002
9.042759e+001 -5.285526e+001 -1.520326e+002
9.379311e+001 -5.607429e+001 -1.933543e+002
9.254910e+001 -4.951781e+001 -1.836883e+002
9.033414e+001 -4.826120e+001 -1.733441e+002
8.843880e+001 -4.857603e+001 -1.629516e+002
8.652579e+001 -5.267920e+001 -1.523462e+002
8.667633e+001 -6.484480e+001 -2.041292e+002
8.053274e+001 -5.153537e+001 -1.878137e+002
7.932412e+001 -4.928080e+001 -1.746620e+002
8.123548e+001 -4.994902e+001 -1.634516e+002
8.285217e+001 -5.301915e+001 -1.528640e+002
7.564794e+001 -5.532010e+001 -1.657057e+002
