[individuals]
1
[dimensions]
3
[landmarks]
71
[rawpoints]
'#1
9.534090e+001 7.272614e+001 -1.642620e+002
5.446053e+001 6.778075e+001 -1.665384e+002
7.411958e+001 7.608292e+001 -1.463356e+002
7.273902e+001 5.512219e+001 -1.243543e+002
7.763956e+001 4.005496e+001 -1.147402e+002
6.599704e+001 4.090490e+001 -1.146894e+002
8.014505e+001 8.449123e+001 -1.629169e+002
6.673907e+001 8.278934e+001 -1.641649e+002
7.620071e+001 7.400620e+001 -1.751832e+002
7.567985e+001 6.613531e+001 -1.773070e+002
7.536626e+001 5.813770e+001 -1.756736e+002
7.471266e+001 5.400280e+001 -1.686590e+002
8.406068e+001 6.541216e+001 -1.754002e+002
8.803008e+001 6.737342e+001 -1.733161e+002
9.104206e+001 6.895651e+001 -1.697994e+002
9.162350e+001 6.784122e+001 -1.650703e+002
6.648352e+001 6.422395e+001 -1.760690e+002
6.214349e+001 6.615308e+001 -1.744806e+002
5.932644e+001 6.752176e+001 -1.705725e+002
5.780451e+001 6.708179e+001 -1.658216e+002
9.168189e+001 6.155477e+001 -1.653239e+002
9.505944e+001 6.565269e+001 -1.540669e+002
9.021713e+001 7.301361e+001 -1.452754e+002
8.125980e+001 7.326424e+001 -1.366372e+002
5.752179e+001 6.131562e+001 -1.668185e+002
5.367057e+001 6.617925e+001 -1.567660e+002
5.804091e+001 7.283867e+001 -1.480429e+002
6.450072e+001 7.343194e+001 -1.381711e+002
9.465434e+001 5.348320e+001 -1.556157e+002
9.572169e+001 6.212719e+001 -1.477015e+002
9.213280e+001 7.025853e+001 -1.399883e+002
5.355751e+001 5.388662e+001 -1.560989e+002
5.188926e+001 6.277132e+001 -1.496380e+002
5.511797e+001 7.169943e+001 -1.438651e+002
9.265552e+001 4.778641e+001 -1.451239e+002
9.382816e+001 5.768233e+001 -1.390283e+002
8.980212e+001 6.647237e+001 -1.324704e+002
5.477505e+001 4.903736e+001 -1.441045e+002
5.397086e+001 5.852249e+001 -1.392626e+002
5.577270e+001 6.815165e+001 -1.350099e+002
7.944679e+001 4.248402e+001 -1.196764e+002
7.914622e+001 5.299293e+001 -1.252002e+002
8.038445e+001 6.207643e+001 -1.327496e+002
6.467192e+001 4.306806e+001 -1.199283e+002
6.600436e+001 5.310905e+001 -1.262561e+002
6.572678e+001 6.240636e+001 -1.337472e+002
8.040796e+001 4.297989e+001 -1.172556e+002
7.489934e+001 4.026501e+001 -1.172861e+002
6.875827e+001 4.022160e+001 -1.172522e+002
6.369857e+001 4.370133e+001 -1.171736e+002
8.603128e+001 7.683086e+001 -1.591529e+002
7.818719e+001 8.173386e+001 -1.572444e+002
6.874796e+001 8.139603e+001 -1.572928e+002
6.244762e+001 7.485348e+001 -1.598847e+002
6.024074e+001 4.630732e+001 -1.327410e+002
7.005630e+001 5.757922e+001 -1.697295e+002
6.335790e+001 4.357189e+001 -1.568411e+002
6.337617e+001 4.051842e+001 -1.436655e+002
6.531770e+001 3.959250e+001 -1.316999e+002
6.812629e+001 4.075211e+001 -1.195615e+002
7.499675e+001 4.855416e+001 -1.647229e+002
7.373783e+001 4.033529e+001 -1.551830e+002
7.252397e+001 3.740942e+001 -1.437008e+002
7.195984e+001 3.742974e+001 -1.320870e+002
7.187675e+001 4.077472e+001 -1.197697e+002
8.024919e+001 5.795632e+001 -1.691859e+002
8.412407e+001 4.378023e+001 -1.568394e+002
8.239526e+001 3.965734e+001 -1.442593e+002
7.937178e+001 3.859447e+001 -1.322232e+002
7.618774e+001 4.050280e+001 -1.196374e+002
8.580479e+001 4.491194e+001 -1.335953e+002
