[individuals]
1
[dimensions]
3
[landmarks]
71
[rawpoints]
'#1
6.199839e+000 3.238187e+001 1.799129e+001
2.547030e+001 2.921856e+001 6.994671e+000
1.290514e+001 2.344086e+001 9.458406e+000
1.174841e+001 9.785750e+000 1.401185e+001
1.022404e+001 1.150002e+000 1.980806e+001
1.424578e+001 7.856060e-001 1.658641e+001
1.019163e+001 3.130652e+001 1.010704e+001
1.754369e+001 3.107307e+001 6.214191e+000
1.601679e+001 3.444275e+001 1.251799e+001
1.762891e+001 3.442229e+001 1.547754e+001
1.908357e+001 3.300209e+001 1.816544e+001
1.971230e+001 3.010481e+001 1.976781e+001
1.215234e+001 3.537262e+001 1.728391e+001
1.020806e+001 3.487575e+001 1.736471e+001
8.488439e+000 3.385471e+001 1.754914e+001
8.223976e+000 3.187905e+001 1.779559e+001
2.189876e+001 3.296811e+001 1.230768e+001
2.304457e+001 3.224335e+001 1.043596e+001
2.386808e+001 3.050685e+001 9.152402e+000
2.333307e+001 2.830506e+001 9.607692e+000
9.719976e+000 3.092832e+001 2.072593e+001
5.000552e+000 2.746754e+001 1.848950e+001
5.497100e+000 2.366412e+001 1.353627e+001
6.887008e+000 1.790372e+001 1.150219e+001
2.521693e+001 2.788307e+001 1.169537e+001
2.426245e+001 2.349708e+001 7.722321e+000
1.900347e+001 2.091564e+001 6.451994e+000
1.454301e+001 1.696387e+001 7.101797e+000
8.048306e+000 2.568739e+001 2.341461e+001
3.882771e+000 2.357570e+001 1.992427e+001
4.409794e+000 2.243289e+001 1.422084e+001
2.657303e+001 2.071404e+001 1.347285e+001
2.500628e+001 1.864783e+001 8.444899e+000
1.994286e+001 1.820581e+001 5.960191e+000
7.765677e+000 1.991476e+001 2.411138e+001
4.421635e+000 1.840229e+001 2.062152e+001
4.137872e+000 1.723145e+001 1.570211e+001
2.484834e+001 1.463641e+001 1.464220e+001
2.345024e+001 1.415103e+001 9.647899e+000
1.935209e+001 1.503810e+001 6.556654e+000
1.009481e+001 6.740732e+000 2.035528e+001
8.022932e+000 1.020357e+001 1.750719e+001
7.774393e+000 1.386014e+001 1.419616e+001
1.656251e+001 5.253929e+000 1.711900e+001
1.648388e+001 8.235434e+000 1.274538e+001
1.525861e+001 1.251618e+001 9.882126e+000
9.327305e+000 4.317528e+000 2.091296e+001
1.235148e+001 3.056241e+000 2.063966e+001
1.511606e+001 2.431673e+000 1.897288e+001
1.611303e+001 2.711668e+000 1.585226e+001
8.598095e+000 2.920713e+001 1.137218e+001
1.144950e+001 2.859154e+001 8.824927e+000
1.489881e+001 2.837404e+001 7.077662e+000
1.868800e+001 2.773009e+001 6.603487e+000
2.160196e+001 9.206387e+000 1.593224e+001
2.169932e+001 2.956266e+001 1.708111e+001
2.411608e+001 2.018480e+001 2.004598e+001
2.256469e+001 1.398964e+001 2.028815e+001
1.982721e+001 9.145512e+000 1.982968e+001
1.613966e+001 5.162732e+000 1.910973e+001
1.971832e+001 2.521916e+001 2.158559e+001
1.954620e+001 1.990371e+001 2.322752e+001
1.855381e+001 1.484421e+001 2.334204e+001
1.671350e+001 1.025284e+001 2.188181e+001
1.460746e+001 5.559494e+000 2.016795e+001
1.600597e+001 3.070616e+001 2.018024e+001
1.454734e+001 2.289084e+001 2.505833e+001
1.366180e+001 1.666901e+001 2.549676e+001
1.306067e+001 1.111477e+001 2.405100e+001
1.276102e+001 5.900461e+000 2.127547e+001
8.153420e+000 1.335824e+001 2.358610e+001
