[individuals]
1
[dimensions]
3
[landmarks]
71
[rawpoints]
'#1
7.245643e+000 2.756949e+001 1.147410e+001
2.857474e+001 2.946764e+001 4.788063e+000
1.762599e+001 2.079222e+001 5.347322e+000
1.986231e+001 8.224496e+000 9.199901e+000
1.877519e+001 7.181103e-001 1.495380e+001
2.415504e+001 7.363789e-001 1.343242e+001
1.250034e+001 2.917449e+001 5.351621e+000
2.123443e+001 3.020366e+001 3.170184e+000
1.792637e+001 3.322489e+001 9.921315e+000
1.872717e+001 3.272897e+001 1.268512e+001
1.953272e+001 3.127683e+001 1.508668e+001
2.016461e+001 2.876546e+001 1.643543e+001
1.281039e+001 3.177497e+001 1.198281e+001
1.085787e+001 3.105111e+001 1.198148e+001
9.370682e+000 2.960215e+001 1.182291e+001
9.911504e+000 2.766846e+001 1.237469e+001
2.338657e+001 3.286858e+001 9.071837e+000
2.515815e+001 3.238201e+001 8.174541e+000
2.680255e+001 3.124413e+001 7.750623e+000
2.676716e+001 2.923716e+001 8.143695e+000
9.928292e+000 2.645095e+001 1.419330e+001
7.801520e+000 2.114781e+001 1.271123e+001
1.015879e+001 1.878956e+001 7.840004e+000
1.431743e+001 1.529498e+001 5.529438e+000
2.755571e+001 2.842316e+001 9.587730e+000
2.982564e+001 2.270979e+001 8.511930e+000
2.568128e+001 2.112363e+001 4.123128e+000
2.166059e+001 1.635930e+001 3.827781e+000
1.024518e+001 2.151624e+001 1.680566e+001
8.197090e+000 1.806151e+001 1.311049e+001
9.682292e+000 1.672125e+001 8.032766e+000
2.965246e+001 2.208234e+001 1.272452e+001
3.018564e+001 1.996564e+001 7.699477e+000
2.654274e+001 1.884455e+001 3.763647e+000
1.157065e+001 1.616590e+001 1.747386e+001
9.686736e+000 1.461617e+001 1.320925e+001
1.060520e+001 1.391145e+001 8.434823e+000
2.939822e+001 1.665748e+001 1.366130e+001
2.960555e+001 1.620850e+001 8.535871e+000
2.679192e+001 1.619729e+001 4.223366e+000
1.809101e+001 4.998089e+000 1.510165e+001
1.510459e+001 8.227343e+000 1.253398e+001
1.506976e+001 1.111368e+001 8.338100e+000
2.433294e+001 5.325030e+000 1.369337e+001
2.567133e+001 9.128757e+000 1.020455e+001
2.345091e+001 1.197733e+001 6.282318e+000
1.673141e+001 2.364558e+000 1.438811e+001
1.976368e+001 2.860822e+000 1.611024e+001
2.315575e+001 3.161420e+000 1.520975e+001
2.533661e+001 3.618778e+000 1.248171e+001
1.227222e+001 2.450430e+001 6.678074e+000
1.530644e+001 2.413128e+001 4.778160e+000
1.874678e+001 2.442596e+001 3.761933e+000
2.223668e+001 2.529663e+001 3.895609e+000
2.809817e+001 1.120948e+001 1.400435e+001
2.284967e+001 3.064108e+001 1.369196e+001
2.601218e+001 2.196375e+001 1.764500e+001
2.613044e+001 1.545276e+001 1.802776e+001
2.534210e+001 9.875469e+000 1.720654e+001
2.315769e+001 4.945329e+000 1.515239e+001
2.065614e+001 2.570131e+001 1.779816e+001
2.132384e+001 2.037380e+001 1.950517e+001
2.161703e+001 1.502863e+001 1.934828e+001
2.168709e+001 9.954037e+000 1.796485e+001
2.153442e+001 4.870296e+000 1.569420e+001
1.655712e+001 2.967351e+001 1.570574e+001
1.594768e+001 2.147386e+001 1.969396e+001
1.658654e+001 1.519308e+001 2.014243e+001
1.789052e+001 9.597892e+000 1.879620e+001
1.984290e+001 4.741392e+000 1.597101e+001
1.378213e+001 1.055587e+001 1.710950e+001
