[individuals]
1
[dimensions]
3
[landmarks]
71
[rawpoints]
'#1
1.126391e+001 5.512656e+001 1.588754e+001
3.200695e+001 5.399004e+001 1.527918e+001
2.054176e+001 4.716610e+001 1.258778e+001
1.940885e+001 3.507796e+001 1.725303e+001
1.675456e+001 2.781431e+001 2.274313e+001
2.082715e+001 2.720018e+001 2.197515e+001
1.746562e+001 5.558885e+001 1.066401e+001
2.565770e+001 5.520743e+001 1.046318e+001
2.142394e+001 5.877831e+001 1.707946e+001
2.153333e+001 5.847380e+001 1.932758e+001
2.157874e+001 5.739713e+001 2.132705e+001
2.162974e+001 5.568385e+001 2.281734e+001
1.578326e+001 5.886012e+001 1.792604e+001
1.416202e+001 5.804889e+001 1.690014e+001
1.297449e+001 5.651293e+001 1.614562e+001
1.296711e+001 5.445228e+001 1.644934e+001
2.688968e+001 5.774572e+001 1.774109e+001
2.862670e+001 5.704138e+001 1.685611e+001
2.994941e+001 5.561927e+001 1.613191e+001
2.974751e+001 5.360448e+001 1.657473e+001
1.283545e+001 5.445905e+001 1.874220e+001
1.035288e+001 5.042512e+001 1.622658e+001
1.314646e+001 4.713724e+001 1.304022e+001
1.626219e+001 4.285486e+001 1.219317e+001
3.022827e+001 5.294983e+001 1.842335e+001
3.205389e+001 4.784673e+001 1.646524e+001
2.848071e+001 4.514426e+001 1.284130e+001
2.413734e+001 4.145892e+001 1.196871e+001
1.080185e+001 4.929343e+001 2.149674e+001
9.596391e+000 4.821029e+001 1.669546e+001
1.232434e+001 4.591425e+001 1.309424e+001
3.124520e+001 4.620311e+001 2.108215e+001
3.197651e+001 4.398971e+001 1.665636e+001
2.880454e+001 4.298604e+001 1.291496e+001
1.111351e+001 4.388547e+001 2.284686e+001
9.810959e+000 4.286260e+001 1.836416e+001
1.186471e+001 4.265850e+001 1.405370e+001
2.974862e+001 4.053659e+001 2.204399e+001
3.040642e+001 4.007925e+001 1.757367e+001
2.825469e+001 4.043810e+001 1.359047e+001
1.613456e+001 3.240728e+001 2.304639e+001
1.357296e+001 3.572696e+001 1.965709e+001
1.491919e+001 3.871618e+001 1.537698e+001
2.256537e+001 3.181937e+001 2.215779e+001
2.431855e+001 3.429525e+001 1.840397e+001
2.401720e+001 3.771040e+001 1.500674e+001
1.482954e+001 3.050023e+001 2.229353e+001
1.743413e+001 2.998048e+001 2.406601e+001
2.057531e+001 2.944402e+001 2.386355e+001
2.292238e+001 2.913836e+001 2.172021e+001
1.575286e+001 5.210191e+001 1.190314e+001
1.914202e+001 5.114115e+001 1.103699e+001
2.275386e+001 5.086972e+001 1.083518e+001
2.628674e+001 5.120444e+001 1.158723e+001
2.685178e+001 3.560088e+001 2.229376e+001
2.477666e+001 5.438787e+001 2.173135e+001
2.627225e+001 4.692729e+001 2.603182e+001
2.537824e+001 4.106679e+001 2.652190e+001
2.356384e+001 3.624616e+001 2.561562e+001
2.113889e+001 3.211610e+001 2.401876e+001
2.148617e+001 5.131921e+001 2.465668e+001
2.095036e+001 4.658975e+001 2.675556e+001
2.042194e+001 4.187110e+001 2.734098e+001
1.994756e+001 3.729083e+001 2.593916e+001
1.939833e+001 3.255568e+001 2.425302e+001
1.871015e+001 5.516051e+001 2.172886e+001
1.594434e+001 4.857837e+001 2.600253e+001
1.554581e+001 4.278252e+001 2.678708e+001
1.623815e+001 3.756379e+001 2.600722e+001
1.762814e+001 3.258469e+001 2.430192e+001
1.277502e+001 3.799631e+001 2.351665e+001
