[individuals]
1
[dimensions]
3
[landmarks]
71
[rawpoints]
'#1
2.371466e+001 7.320381e+000 1.888995e+001
9.025152e+000 7.769944e+000 1.891572e+001
1.666493e+001 1.154433e+001 1.578328e+001
1.663997e+001 2.125923e+001 1.738911e+001
1.835845e+001 2.700758e+001 1.989813e+001
1.527767e+001 2.720267e+001 2.009311e+001
1.920721e+001 6.424263e+000 1.632038e+001
1.335890e+001 6.346307e+000 1.643170e+001
1.630258e+001 4.501314e+000 2.078951e+001
1.633618e+001 4.786950e+000 2.270351e+001
1.636890e+001 5.576154e+000 2.447052e+001
1.641733e+001 7.246031e+000 2.544785e+001
2.022707e+001 4.776505e+000 2.139477e+001
2.151131e+001 5.033258e+000 2.100780e+001
2.252313e+001 5.875445e+000 2.064456e+001
2.259056e+001 7.237657e+000 2.071328e+001
1.218587e+001 4.761322e+000 2.113239e+001
1.111326e+001 5.058380e+000 2.062941e+001
1.040396e+001 5.972126e+000 2.023725e+001
1.038188e+001 7.187209e+000 2.035881e+001
2.286918e+001 8.770761e+000 2.199124e+001
2.387488e+001 1.117944e+001 1.882823e+001
2.183691e+001 1.300949e+001 1.577619e+001
1.899596e+001 1.571787e+001 1.458832e+001
1.008834e+001 8.858037e+000 2.238700e+001
8.876198e+000 1.155509e+001 1.935322e+001
1.115793e+001 1.299209e+001 1.608578e+001
1.422502e+001 1.550107e+001 1.458690e+001
2.404729e+001 1.255058e+001 2.265753e+001
2.462233e+001 1.396393e+001 1.908035e+001
2.251846e+001 1.471592e+001 1.589702e+001
9.296556e+000 1.259110e+001 2.329355e+001
8.468900e+000 1.376233e+001 1.946932e+001
1.057160e+001 1.437106e+001 1.602106e+001
2.330960e+001 1.645258e+001 2.273958e+001
2.342542e+001 1.663734e+001 1.929286e+001
2.197314e+001 1.648109e+001 1.616330e+001
9.990070e+000 1.609635e+001 2.323132e+001
9.551571e+000 1.657694e+001 1.959622e+001
1.099904e+001 1.626531e+001 1.621337e+001
1.944904e+001 2.374781e+001 2.147191e+001
1.997762e+001 2.113910e+001 1.908626e+001
1.940516e+001 1.866142e+001 1.657429e+001
1.411778e+001 2.380415e+001 2.147236e+001
1.309096e+001 2.093089e+001 1.937103e+001
1.372985e+001 1.859020e+001 1.657125e+001
1.980212e+001 2.503213e+001 2.125206e+001
1.786786e+001 2.512301e+001 2.231849e+001
1.565862e+001 2.519893e+001 2.230163e+001
1.374700e+001 2.511475e+001 2.119469e+001
1.998081e+001 8.564351e+000 1.684991e+001
1.774090e+001 8.643688e+000 1.557915e+001
1.516579e+001 8.722596e+000 1.554938e+001
1.292428e+001 8.547208e+000 1.680765e+001
1.145631e+001 1.985167e+001 2.264603e+001
1.397060e+001 7.847794e+000 2.459029e+001
1.239868e+001 1.381371e+001 2.611716e+001
1.282759e+001 1.778638e+001 2.524063e+001
1.383381e+001 2.108144e+001 2.391660e+001
1.523896e+001 2.410137e+001 2.233855e+001
1.658281e+001 1.158442e+001 2.582966e+001
1.649729e+001 1.494524e+001 2.580212e+001
1.649427e+001 1.812586e+001 2.512045e+001
1.655523e+001 2.110666e+001 2.389303e+001
1.667084e+001 2.400004e+001 2.226988e+001
1.916911e+001 7.789921e+000 2.453667e+001
2.051555e+001 1.389459e+001 2.615160e+001
2.019305e+001 1.800798e+001 2.522222e+001
1.935991e+001 2.134601e+001 2.388788e+001
1.823134e+001 2.415117e+001 2.233646e+001
2.166456e+001 2.029990e+001 2.238910e+001
