[individuals]
1
[dimensions]
3
[landmarks]
71
[rawpoints]
'#1
6.235271e+000 3.551736e+001 1.457531e+001
2.008254e+001 3.487870e+001 1.420859e+001
1.291971e+001 3.006717e+001 1.071143e+001
1.266526e+001 2.106516e+001 1.263494e+001
1.086812e+001 1.502480e+001 1.548219e+001
1.407184e+001 1.493312e+001 1.561954e+001
1.061513e+001 3.630472e+001 1.008834e+001
1.576320e+001 3.632882e+001 1.016595e+001
1.306233e+001 3.883715e+001 1.466264e+001
1.304584e+001 3.837879e+001 1.682911e+001
1.300762e+001 3.711496e+001 1.864705e+001
1.295530e+001 3.508474e+001 1.952972e+001
9.323852e+000 3.845344e+001 1.489944e+001
7.893891e+000 3.790594e+001 1.496169e+001
7.448091e+000 3.644225e+001 1.487624e+001
7.947078e+000 3.502346e+001 1.458200e+001
1.664546e+001 3.820052e+001 1.521432e+001
1.822472e+001 3.762872e+001 1.519386e+001
1.873375e+001 3.603252e+001 1.507374e+001
1.828276e+001 3.442649e+001 1.487656e+001
7.111070e+000 3.456644e+001 1.738034e+001
5.757749e+000 3.223699e+001 1.382565e+001
7.858039e+000 2.942682e+001 1.107162e+001
1.025134e+001 2.588170e+001 9.807658e+000
1.902470e+001 3.402750e+001 1.719264e+001
2.061127e+001 3.101632e+001 1.419680e+001
1.810966e+001 2.880323e+001 1.112986e+001
1.526180e+001 2.548923e+001 9.918706e+000
5.632505e+000 3.096518e+001 1.783366e+001
4.520160e+000 2.868165e+001 1.455266e+001
6.612063e+000 2.722807e+001 1.127720e+001
2.023988e+001 3.018768e+001 1.778967e+001
2.110640e+001 2.836323e+001 1.422207e+001
1.876587e+001 2.730648e+001 1.102638e+001
5.782104e+000 2.649161e+001 1.802542e+001
5.438668e+000 2.600101e+001 1.454553e+001
7.186490e+000 2.549883e+001 1.151874e+001
1.996292e+001 2.632259e+001 1.746139e+001
2.020228e+001 2.577407e+001 1.410038e+001
1.842870e+001 2.559138e+001 1.118922e+001
1.026127e+001 1.843704e+001 1.686653e+001
9.799013e+000 2.073138e+001 1.434121e+001
1.018462e+001 2.323696e+001 1.201112e+001
1.488550e+001 1.843130e+001 1.669493e+001
1.541635e+001 2.050166e+001 1.419581e+001
1.521794e+001 2.297077e+001 1.203289e+001
9.684850e+000 1.666166e+001 1.593541e+001
1.129198e+001 1.631773e+001 1.715048e+001
1.333297e+001 1.621984e+001 1.719901e+001
1.519017e+001 1.671427e+001 1.650327e+001
9.672689e+000 3.372999e+001 1.095052e+001
1.166421e+001 3.305988e+001 9.751085e+000
1.406655e+001 3.277341e+001 9.739451e+000
1.612898e+001 3.305568e+001 1.097246e+001
1.833359e+001 2.235479e+001 1.685315e+001
1.573499e+001 3.586816e+001 1.812087e+001
1.709754e+001 2.979291e+001 2.133955e+001
1.686418e+001 2.534054e+001 2.086511e+001
1.573884e+001 2.148862e+001 1.966376e+001
1.388466e+001 1.815512e+001 1.755082e+001
1.290328e+001 3.336341e+001 2.021275e+001
1.282387e+001 2.925588e+001 2.126655e+001
1.278743e+001 2.537943e+001 2.100671e+001
1.272183e+001 2.166686e+001 1.988084e+001
1.265099e+001 1.819007e+001 1.754617e+001
1.061019e+001 3.572847e+001 1.835578e+001
8.678483e+000 3.012174e+001 2.123109e+001
8.899893e+000 2.556207e+001 2.085993e+001
9.904225e+000 2.160342e+001 1.964267e+001
1.139507e+001 1.822404e+001 1.754780e+001
7.579078e+000 2.202937e+001 1.778482e+001
