[individuals]
1
[dimensions]
3
[landmarks]
71
[rawpoints]
'#1
1.167497e+001 1.283512e+002 3.788734e+001
4.842400e+001 1.278509e+002 3.711687e+001
3.020227e+001 1.161404e+002 2.619360e+001
2.954416e+001 8.809729e+001 2.895148e+001
2.629727e+001 7.518904e+001 3.705280e+001
3.362138e+001 7.534061e+001 3.644141e+001
2.157589e+001 1.316717e+002 2.750445e+001
3.754093e+001 1.314077e+002 2.727203e+001
2.989405e+001 1.359648e+002 3.877595e+001
3.000669e+001 1.345176e+002 4.313186e+001
3.010590e+001 1.325690e+002 4.728819e+001
3.026051e+001 1.291391e+002 5.033653e+001
2.137008e+001 1.325353e+002 4.349131e+001
1.780842e+001 1.318542e+002 4.289235e+001
1.477046e+001 1.297855e+002 4.291499e+001
1.623373e+001 1.266740e+002 4.161753e+001
3.861383e+001 1.326315e+002 4.316796e+001
4.171364e+001 1.322829e+002 4.259288e+001
4.425951e+001 1.304176e+002 4.230249e+001
4.385639e+001 1.277549e+002 4.062323e+001
1.576656e+001 1.214356e+002 4.213088e+001
1.272482e+001 1.148493e+002 3.729113e+001
1.722259e+001 1.104398e+002 3.125978e+001
2.191748e+001 1.045022e+002 2.692839e+001
4.364339e+001 1.213206e+002 4.281277e+001
4.530092e+001 1.152637e+002 3.589411e+001
4.055471e+001 1.103350e+002 2.953169e+001
3.616381e+001 1.034182e+002 2.503881e+001
1.446097e+001 1.094614e+002 4.311899e+001
1.233620e+001 1.066634e+002 3.677638e+001
1.588301e+001 1.064290e+002 3.045612e+001
4.487371e+001 1.121339e+002 4.383757e+001
4.750240e+001 1.089430e+002 3.636372e+001
4.218074e+001 1.068959e+002 3.000411e+001
1.588405e+001 9.941002e+001 4.227833e+001
1.531859e+001 1.005063e+002 3.617754e+001
1.759184e+001 1.018657e+002 3.054486e+001
4.373009e+001 1.022019e+002 4.222396e+001
4.440798e+001 1.010699e+002 3.552920e+001
4.089897e+001 1.020640e+002 2.976188e+001
2.481331e+001 8.127156e+001 3.801957e+001
2.120781e+001 8.820982e+001 3.377539e+001
2.221591e+001 9.605262e+001 2.969775e+001
3.436100e+001 8.202103e+001 3.483869e+001
3.608340e+001 8.904347e+001 3.155094e+001
3.532320e+001 9.641344e+001 2.868806e+001
2.455762e+001 7.816215e+001 3.614809e+001
2.722616e+001 7.941803e+001 4.009326e+001
3.209891e+001 8.008420e+001 3.981289e+001
3.410196e+001 7.850183e+001 3.560020e+001
2.043161e+001 1.245544e+002 3.123244e+001
2.632345e+001 1.244999e+002 2.669398e+001
3.373256e+001 1.246066e+002 2.606122e+001
3.945507e+001 1.246046e+002 3.081184e+001
4.102540e+001 9.146381e+001 3.940561e+001
3.589942e+001 1.235929e+002 4.731715e+001
3.829655e+001 1.075859e+002 5.067763e+001
3.710632e+001 9.724271e+001 4.803821e+001
3.569829e+001 8.801740e+001 4.486388e+001
3.230651e+001 8.093612e+001 3.966167e+001
2.998730e+001 1.125739e+002 5.191160e+001
2.960309e+001 1.041790e+002 5.033632e+001
2.939273e+001 9.597112e+001 4.836749e+001
2.935621e+001 8.784862e+001 4.577960e+001
2.949352e+001 8.076340e+001 4.081970e+001
2.569150e+001 1.232374e+002 4.847961e+001
2.150135e+001 1.064325e+002 5.077323e+001
2.204198e+001 9.609244e+001 4.776300e+001
2.352814e+001 8.748751e+001 4.477302e+001
2.727967e+001 8.095230e+001 4.023952e+001
1.874923e+001 8.994371e+001 4.045028e+001
