[individuals]
1
[dimensions]
3
[landmarks]
71
[rawpoints]
'#1
-1.309858e+001 8.438843e+001 -1.222949e+003
1.974782e+001 8.169459e+001 -1.218797e+003
3.382605e+000 7.142827e+001 -1.228755e+003
1.517941e+000 4.398589e+001 -1.224275e+003
-3.450146e+000 3.133892e+001 -1.214905e+003
3.699649e+000 3.032310e+001 -1.214141e+003
-2.949410e+000 8.388888e+001 -1.230604e+003
1.142674e+001 8.376719e+001 -1.229716e+003
3.421496e+000 8.994795e+001 -1.219876e+003
3.376952e+000 8.945564e+001 -1.215032e+003
3.287189e+000 8.738972e+001 -1.210624e+003
2.919453e+000 8.306834e+001 -1.208410e+003
-4.528276e+000 8.788911e+001 -1.215845e+003
-8.306655e+000 8.804166e+001 -1.217391e+003
-1.187182e+001 8.639036e+001 -1.218510e+003
-1.035238e+001 8.259804e+001 -1.218502e+003
1.104131e+001 8.778925e+001 -1.214260e+003
1.382518e+001 8.636813e+001 -1.214788e+003
1.648224e+001 8.464787e+001 -1.214754e+003
1.646211e+001 8.178934e+001 -1.216136e+003
-9.063103e+000 7.578661e+001 -1.215460e+003
-9.901180e+000 7.001443e+001 -1.221300e+003
-9.159212e+000 6.357365e+001 -1.226409e+003
-5.898956e+000 5.640186e+001 -1.228873e+003
1.325230e+001 7.478433e+001 -1.213549e+003
1.467017e+001 6.933057e+001 -1.219258e+003
1.436769e+001 6.334803e+001 -1.224593e+003
1.167689e+001 5.661847e+001 -1.228030e+003
-1.397044e+001 6.546413e+001 -1.215854e+003
-1.503549e+001 6.172913e+001 -1.221242e+003
-1.128973e+001 5.902708e+001 -1.226016e+003
1.762590e+001 6.852286e+001 -1.212785e+003
2.015248e+001 6.392715e+001 -1.218175e+003
1.643328e+001 6.066535e+001 -1.223840e+003
-1.368989e+001 5.582460e+001 -1.216216e+003
-1.308733e+001 5.524049e+001 -1.221456e+003
-1.018923e+001 5.544867e+001 -1.225898e+003
1.747098e+001 5.784681e+001 -1.212868e+003
1.923345e+001 5.680972e+001 -1.218667e+003
1.644194e+001 5.667354e+001 -1.224144e+003
-4.289854e+000 3.719432e+001 -1.217621e+003
-6.106669e+000 4.324128e+001 -1.221679e+003
-5.772852e+000 4.972549e+001 -1.225445e+003
6.126857e+000 3.720891e+001 -1.216228e+003
9.822161e+000 4.297612e+001 -1.220219e+003
1.076343e+001 4.957084e+001 -1.224517e+003
-4.702539e+000 3.376531e+001 -1.219439e+003
-2.923188e+000 3.451427e+001 -1.214219e+003
2.318588e+000 3.405055e+001 -1.212406e+003
5.817088e+000 3.314618e+001 -1.216639e+003
-4.897099e+000 7.819316e+001 -1.226333e+003
3.889804e-001 7.673831e+001 -1.229875e+003
6.897264e+000 7.654277e+001 -1.229417e+003
1.208894e+001 7.805862e+001 -1.225763e+003
1.386420e+001 4.620180e+001 -1.213940e+003
8.270541e+000 7.608981e+001 -1.211597e+003
9.693799e+000 6.172054e+001 -1.204213e+003
9.332426e+000 5.179289e+001 -1.205687e+003
7.194562e+000 4.299364e+001 -1.209238e+003
4.436446e+000 3.563215e+001 -1.213405e+003
1.213268e+000 6.551785e+001 -1.206047e+003
6.230446e-001 5.747717e+001 -1.205301e+003
4.514794e-001 4.972765e+001 -1.206524e+003
6.017888e-001 4.242133e+001 -1.209401e+003
9.062654e-001 3.513525e+001 -1.212368e+003
-4.070721e+000 7.609927e+001 -1.212806e+003
-8.678050e+000 6.034637e+001 -1.206485e+003
-8.216141e+000 5.063165e+001 -1.208022e+003
-5.465154e+000 4.270864e+001 -1.211015e+003
-2.589249e+000 3.566073e+001 -1.213580e+003
-1.107413e+001 4.612609e+001 -1.217145e+003
