[individuals]
1
[dimensions]
3
[landmarks]
71
[rawpoints]
'#1
-3.160916e+001 7.189467e+001 -1.231733e+003
-1.059475e+000 7.692757e+001 -1.227587e+003
-1.386763e+001 6.379942e+001 -1.238833e+003
-1.022552e+001 3.852905e+001 -1.229771e+003
-1.409596e+001 2.949349e+001 -1.220856e+003
-7.412218e+000 3.083198e+001 -1.219415e+003
-2.219094e+001 7.539845e+001 -1.240315e+003
-9.149734e+000 7.733150e+001 -1.238733e+003
-1.714624e+001 8.138585e+001 -1.230557e+003
-1.758731e+001 8.174768e+001 -1.225875e+003
-1.790358e+001 8.076124e+001 -1.221274e+003
-1.812928e+001 7.664253e+001 -1.218989e+003
-2.361524e+001 7.922844e+001 -1.227076e+003
-2.688451e+001 7.783935e+001 -1.228777e+003
-3.002571e+001 7.606924e+001 -1.230362e+003
-2.876665e+001 7.236141e+001 -1.229940e+003
-1.105624e+001 8.119334e+001 -1.225218e+003
-7.642888e+000 8.064642e+001 -1.225761e+003
-4.354768e+000 7.957185e+001 -1.226359e+003
-4.552135e+000 7.612289e+001 -1.225867e+003
-2.830045e+001 6.819875e+001 -1.225199e+003
-3.069148e+001 6.188917e+001 -1.232311e+003
-2.549473e+001 5.535312e+001 -1.237447e+003
-1.800163e+001 4.923773e+001 -1.239048e+003
-4.110489e+000 7.204144e+001 -1.223426e+003
2.006928e+000 6.511382e+001 -1.226899e+003
2.009139e+000 5.733685e+001 -1.232981e+003
-4.753085e+000 5.143044e+001 -1.237087e+003
-3.033700e+001 5.851806e+001 -1.225502e+003
-3.125360e+001 5.266985e+001 -1.231300e+003
-2.603088e+001 4.995855e+001 -1.237134e+003
3.505220e-001 6.203040e+001 -1.221910e+003
3.862399e+000 5.774813e+001 -1.227062e+003
1.054991e+000 5.372832e+001 -1.232822e+003
-2.791357e+001 4.851355e+001 -1.223561e+003
-2.693616e+001 4.666975e+001 -1.229943e+003
-2.307788e+001 4.673226e+001 -1.235438e+003
1.035815e+000 5.281656e+001 -1.221591e+003
1.941406e+000 5.083550e+001 -1.227282e+003
-6.664303e-001 5.016006e+001 -1.232749e+003
-1.575788e+001 3.403389e+001 -1.222248e+003
-1.864492e+001 3.668980e+001 -1.229234e+003
-1.756091e+001 4.310480e+001 -1.233911e+003
-5.211088e+000 3.500503e+001 -1.223233e+003
-3.302011e+000 4.010665e+001 -1.228101e+003
-4.790754e+000 4.578642e+001 -1.232448e+003
-1.554208e+001 3.134583e+001 -1.224993e+003
-1.342602e+001 3.195509e+001 -1.219960e+003
-7.988319e+000 3.248149e+001 -1.219386e+003
-4.720582e+000 3.245802e+001 -1.223801e+003
-2.184695e+001 6.905672e+001 -1.236943e+003
-1.696628e+001 6.734470e+001 -1.239306e+003
-1.139685e+001 6.822218e+001 -1.238568e+003
-8.016045e+000 7.065146e+001 -1.234694e+003
-1.009791e-002 4.335363e+001 -1.221656e+003
-1.253404e+001 7.307201e+001 -1.219875e+003
-8.055263e+000 5.899214e+001 -1.213645e+003
-6.854496e+000 4.950508e+001 -1.213488e+003
-6.571808e+000 4.135507e+001 -1.215816e+003
-7.912910e+000 3.436745e+001 -1.219430e+003
-1.690211e+001 6.294114e+001 -1.216640e+003
-1.580121e+001 5.536284e+001 -1.215224e+003
-1.473285e+001 4.808071e+001 -1.214665e+003
-1.312232e+001 4.103094e+001 -1.216302e+003
-1.128558e+001 3.415771e+001 -1.219367e+003
-2.140305e+001 7.084609e+001 -1.220888e+003
-2.488633e+001 5.672088e+001 -1.216347e+003
-2.264899e+001 4.736013e+001 -1.216313e+003
-1.878389e+001 3.989923e+001 -1.217682e+003
-1.377354e+001 3.395303e+001 -1.219865e+003
-2.327302e+001 3.989893e+001 -1.222752e+003
