[individuals]
1
[dimensions]
3
[landmarks]
71
[rawpoints]
'#1
1.304194e+001 5.937489e+001 1.341290e+001
3.479242e+001 5.900492e+001 1.401226e+001
2.425435e+001 5.417481e+001 8.361599e+000
2.442722e+001 3.496831e+001 1.232461e+001
2.220952e+001 2.749466e+001 1.667383e+001
2.652565e+001 2.764810e+001 1.678078e+001
1.953808e+001 6.124659e+001 8.868309e+000
2.858780e+001 6.115665e+001 8.843086e+000
2.424028e+001 6.529977e+001 1.556972e+001
2.418658e+001 6.481688e+001 1.815165e+001
2.419061e+001 6.373597e+001 2.054630e+001
2.420923e+001 6.163054e+001 2.211769e+001
1.932476e+001 6.352512e+001 1.652903e+001
1.691171e+001 6.197160e+001 1.631038e+001
1.572014e+001 5.935839e+001 1.612029e+001
1.561116e+001 5.649134e+001 1.589147e+001
2.900850e+001 6.352077e+001 1.623087e+001
3.046319e+001 6.306743e+001 1.554450e+001
3.166556e+001 6.207000e+001 1.495121e+001
3.209025e+001 6.049649e+001 1.532041e+001
1.543827e+001 5.564295e+001 1.680482e+001
1.413190e+001 5.222685e+001 1.271225e+001
1.682674e+001 4.910643e+001 9.088937e+000
2.008946e+001 4.507608e+001 7.289398e+000
3.309972e+001 5.562094e+001 1.678754e+001
3.512162e+001 5.132948e+001 1.350457e+001
3.178396e+001 4.890989e+001 9.468915e+000
2.819081e+001 4.500708e+001 7.201702e+000
1.373294e+001 4.935524e+001 1.964553e+001
1.304106e+001 4.767465e+001 1.459799e+001
1.572833e+001 4.630756e+001 1.016066e+001
3.481147e+001 4.929296e+001 1.864048e+001
3.497456e+001 4.749481e+001 1.394040e+001
3.218332e+001 4.653562e+001 9.861311e+000
1.512256e+001 4.349078e+001 1.922504e+001
1.510710e+001 4.334240e+001 1.453346e+001
1.677609e+001 4.337622e+001 1.014650e+001
3.318581e+001 4.364703e+001 1.856664e+001
3.311625e+001 4.332941e+001 1.410604e+001
3.151511e+001 4.385657e+001 9.963476e+000
2.133165e+001 3.339386e+001 1.735821e+001
2.016895e+001 3.690904e+001 1.369305e+001
2.029888e+001 4.072718e+001 1.015053e+001
2.677517e+001 3.309420e+001 1.788944e+001
2.843858e+001 3.661464e+001 1.407201e+001
2.826130e+001 4.046070e+001 1.021117e+001
2.093539e+001 3.031449e+001 1.741658e+001
2.301072e+001 2.934971e+001 1.874369e+001
2.565611e+001 2.937640e+001 1.873251e+001
2.732200e+001 3.049294e+001 1.700694e+001
1.864346e+001 5.943567e+001 9.553925e+000
2.220324e+001 5.962585e+001 7.897702e+000
2.612836e+001 5.946781e+001 8.036926e+000
2.974670e+001 5.949892e+001 9.572453e+000
3.046172e+001 3.796548e+001 1.811972e+001
2.809396e+001 5.692361e+001 2.079805e+001
2.965809e+001 4.717316e+001 2.461304e+001
2.884748e+001 4.116582e+001 2.445676e+001
2.748877e+001 3.644652e+001 2.241919e+001
2.550857e+001 3.272529e+001 1.930732e+001
2.454605e+001 5.082708e+001 2.503806e+001
2.421119e+001 4.563672e+001 2.591978e+001
2.407547e+001 4.089864e+001 2.508613e+001
2.411082e+001 3.672486e+001 2.269481e+001
2.410776e+001 3.268717e+001 1.962005e+001
1.995681e+001 5.716289e+001 2.078962e+001
1.833802e+001 4.744493e+001 2.463501e+001
1.893425e+001 4.133177e+001 2.424684e+001
2.058777e+001 3.649817e+001 2.223586e+001
2.262496e+001 3.269955e+001 1.933792e+001
1.777725e+001 3.795279e+001 1.765534e+001
