[individuals]
1
[dimensions]
3
[landmarks]
71
[rawpoints]
'#1
1.256442e+000 1.712304e+001 3.416170e+000
8.153216e+000 1.777428e+001 2.648108e+000
4.714953e+000 1.590310e+001 1.865423e+000
5.375695e+000 1.190501e+001 2.812488e+000
4.824455e+000 9.923234e+000 4.939096e+000
6.628784e+000 1.011586e+001 4.772060e+000
3.019398e+000 1.788473e+001 1.755837e+000
6.061924e+000 1.827241e+001 1.375828e+000
4.571266e+000 1.887151e+001 4.203738e+000
4.590082e+000 1.865030e+001 4.521447e+000
4.609360e+000 1.831456e+001 4.714175e+000
4.625098e+000 1.795847e+001 4.866424e+000
2.722562e+000 1.856069e+001 3.579910e+000
2.295773e+000 1.833334e+001 3.844404e+000
2.187540e+000 1.779990e+001 3.931090e+000
2.306035e+000 1.726522e+001 3.868830e+000
6.585000e+000 1.888068e+001 3.151217e+000
7.088983e+000 1.878822e+001 3.113185e+000
7.321003e+000 1.832983e+001 3.118716e+000
7.291125e+000 1.784805e+001 3.294814e+000
1.857274e+000 1.653760e+001 4.308623e+000
1.645537e+000 1.489630e+001 4.212322e+000
2.807257e+000 1.433963e+001 3.137119e+000
3.457608e+000 1.304550e+001 2.313774e+000
8.263626e+000 1.699454e+001 3.178340e+000
8.107909e+000 1.575702e+001 2.306588e+000
7.095494e+000 1.463439e+001 2.496800e+000
6.528113e+000 1.337340e+001 1.857628e+000
2.117250e+000 1.531221e+001 4.670801e+000
1.838935e+000 1.404395e+001 4.207877e+000
2.734012e+000 1.391222e+001 3.127503e+000
8.339391e+000 1.594815e+001 3.612185e+000
8.513718e+000 1.460145e+001 3.254030e+000
7.329557e+000 1.435090e+001 2.493058e+000
2.509688e+000 1.408261e+001 4.833030e+000
2.099333e+000 1.328183e+001 4.069408e+000
2.620954e+000 1.348748e+001 3.022230e+000
8.063643e+000 1.463140e+001 4.004386e+000
8.353621e+000 1.401127e+001 3.064193e+000
7.435946e+000 1.390149e+001 2.357445e+000
3.729485e+000 1.164644e+001 4.877876e+000
3.089775e+000 1.206351e+001 4.126396e+000
3.078653e+000 1.247338e+001 3.136560e+000
7.250460e+000 1.218060e+001 4.538254e+000
7.520581e+000 1.242967e+001 3.498950e+000
7.248743e+000 1.287975e+001 2.530061e+000
3.688100e+000 1.100223e+001 4.790595e+000
4.998397e+000 1.104041e+001 5.147498e+000
6.342779e+000 1.114949e+001 4.984937e+000
7.462086e+000 1.140899e+001 4.260043e+000
3.038803e+000 1.706643e+001 2.096564e+000
4.032526e+000 1.684265e+001 1.538785e+000
5.180929e+000 1.691026e+001 1.379749e+000
6.222480e+000 1.722961e+001 1.781992e+000
7.642545e+000 1.329163e+001 4.325761e+000
6.467281e+000 1.760055e+001 4.538693e+000
6.811016e+000 1.583726e+001 4.787199e+000
6.773382e+000 1.446539e+001 4.890480e+000
6.614853e+000 1.318781e+001 4.979165e+000
6.358619e+000 1.204092e+001 5.005716e+000
5.152558e+000 1.671189e+001 5.110773e+000
5.287345e+000 1.552128e+001 5.227737e+000
5.380533e+000 1.431922e+001 5.257548e+000
5.443064e+000 1.311417e+001 5.284856e+000
5.468550e+000 1.190772e+001 5.203071e+000
3.922942e+000 1.742872e+001 5.007292e+000
3.787409e+000 1.555030e+001 5.233495e+000
3.958906e+000 1.419081e+001 5.300429e+000
4.218345e+000 1.293644e+001 5.304490e+000
4.560375e+000 1.177800e+001 5.231929e+000
3.039678e+000 1.285611e+001 4.882696e+000
