[individuals]
1
[dimensions]
3
[landmarks]
71
[rawpoints]
'#1
3.811417e+000 1.540661e+001 2.586323e+000
1.076730e+001 1.421866e+001 2.500677e+000
7.017398e+000 1.346955e+001 1.638627e+000
6.179460e+000 9.353930e+000 2.984642e+000
4.959087e+000 7.918563e+000 5.156700e+000
7.102346e+000 7.538998e+000 4.670866e+000
5.997876e+000 1.600098e+001 1.134720e+000
8.885212e+000 1.546240e+001 1.046495e+000
7.660789e+000 1.660653e+001 3.697394e+000
7.650163e+000 1.637413e+001 4.127904e+000
7.602983e+000 1.602489e+001 4.467409e+000
7.550514e+000 1.559803e+001 4.700900e+000
5.827840e+000 1.684977e+001 2.963317e+000
5.297003e+000 1.668213e+001 3.050517e+000
5.067914e+000 1.616737e+001 3.045155e+000
5.035130e+000 1.564442e+001 3.252441e+000
9.580395e+000 1.601610e+001 2.831845e+000
9.957265e+000 1.569654e+001 2.965662e+000
1.014928e+001 1.523448e+001 3.073845e+000
1.010957e+001 1.477608e+001 3.298267e+000
4.600462e+000 1.508636e+001 4.114023e+000
4.208021e+000 1.453580e+001 2.561713e+000
4.662533e+000 1.291164e+001 2.413619e+000
4.924924e+000 1.132514e+001 1.883500e+000
1.042646e+001 1.370735e+001 3.517284e+000
1.090935e+001 1.227284e+001 2.681578e+000
9.251470e+000 1.181326e+001 2.190400e+000
8.015771e+000 1.064748e+001 1.744000e+000
4.288508e+000 1.400502e+001 4.620676e+000
3.179728e+000 1.359514e+001 3.596671e+000
4.356597e+000 1.275486e+001 2.497300e+000
1.020048e+001 1.249197e+001 4.026783e+000
1.043253e+001 1.127375e+001 3.230377e+000
9.270895e+000 1.137121e+001 2.190400e+000
4.060384e+000 1.261736e+001 4.840841e+000
3.283183e+000 1.200309e+001 3.817599e+000
3.760980e+000 1.189022e+001 2.479158e+000
9.626429e+000 1.127467e+001 4.364565e+000
9.877069e+000 1.046787e+001 3.343254e+000
9.268650e+000 1.062233e+001 2.175817e+000
4.394782e+000 9.697676e+000 4.925359e+000
3.991729e+000 1.019573e+001 3.846423e+000
4.268477e+000 1.064282e+001 2.707005e+000
8.173710e+000 8.958076e+000 4.744686e+000
8.659002e+000 9.302536e+000 3.655696e+000
8.421822e+000 9.782772e+000 2.536164e+000
4.290280e+000 9.265901e+000 4.939161e+000
5.570355e+000 8.961092e+000 5.370500e+000
6.942499e+000 8.783220e+000 5.314700e+000
8.126392e+000 8.492968e+000 4.657696e+000
5.583354e+000 1.509425e+001 1.696898e+000
6.638653e+000 1.485830e+001 1.213900e+000
7.780497e+000 1.454615e+001 1.177204e+000
8.901875e+000 1.443891e+001 1.542674e+000
8.944929e+000 1.008581e+001 4.614126e+000
8.758597e+000 1.483470e+001 4.611212e+000
8.638345e+000 1.268007e+001 4.950331e+000
8.255404e+000 1.132049e+001 5.030128e+000
7.817324e+000 1.013013e+001 5.175200e+000
7.258477e+000 9.117864e+000 5.249712e+000
7.230337e+000 1.403541e+001 5.107984e+000
7.052509e+000 1.284716e+001 5.147300e+000
6.831194e+000 1.164764e+001 5.244324e+000
6.575963e+000 1.045876e+001 5.314700e+000
6.282793e+000 9.305821e+000 5.342600e+000
6.397700e+000 1.529362e+001 4.728800e+000
5.702334e+000 1.344230e+001 5.122221e+000
5.433890e+000 1.204073e+001 5.231000e+000
5.302356e+000 1.071823e+001 5.286800e+000
5.302823e+000 9.499036e+000 5.322598e+000
4.095390e+000 1.111762e+001 4.887841e+000
