[individuals]
1
[dimensions]
3
[landmarks]
71
[rawpoints]
'#1
6.170100e+000 3.917217e+001 1.111898e+001
2.754485e+001 3.961716e+001 9.600594e+000
1.654442e+001 3.317910e+001 5.169777e+000
1.700964e+001 2.287394e+001 1.036342e+001
1.510150e+001 1.244341e+001 1.514450e+001
1.897633e+001 1.227558e+001 1.475470e+001
1.222353e+001 4.049507e+001 4.178881e+000
2.032643e+001 4.038356e+001 3.136578e+000
1.704719e+001 4.359819e+001 1.001286e+001
1.727756e+001 4.371090e+001 1.309111e+001
1.739552e+001 4.296368e+001 1.608603e+001
1.751678e+001 4.031852e+001 1.767640e+001
1.288545e+001 4.276352e+001 1.343243e+001
1.128214e+001 4.202070e+001 1.299477e+001
9.937608e+000 4.084832e+001 1.263154e+001
9.344479e+000 3.912972e+001 1.253964e+001
2.061263e+001 4.297779e+001 1.270106e+001
2.232023e+001 4.245449e+001 1.197656e+001
2.383418e+001 4.144466e+001 1.134152e+001
2.459676e+001 3.969747e+001 1.105791e+001
8.487389e+000 3.688478e+001 1.478111e+001
5.923629e+000 3.547866e+001 1.140465e+001
8.196317e+000 3.255274e+001 8.907362e+000
1.105348e+001 2.945572e+001 7.424006e+000
2.594976e+001 3.708781e+001 1.287575e+001
2.705903e+001 3.609068e+001 8.689945e+000
2.495835e+001 3.241056e+001 7.253217e+000
2.229019e+001 2.890968e+001 6.541748e+000
8.135445e+000 3.303456e+001 1.616855e+001
6.896270e+000 2.967672e+001 1.375881e+001
7.549559e+000 2.837429e+001 9.697531e+000
2.653731e+001 3.361596e+001 1.447857e+001
2.837868e+001 3.194242e+001 1.058450e+001
2.642969e+001 3.096379e+001 6.509990e+000
9.404235e+000 2.887214e+001 1.658913e+001
7.745636e+000 2.807472e+001 1.325768e+001
8.427169e+000 2.768435e+001 9.533483e+000
2.530652e+001 2.945951e+001 1.539567e+001
2.662078e+001 2.839685e+001 1.186349e+001
2.588152e+001 2.840568e+001 8.018270e+000
1.293802e+001 2.073958e+001 1.655889e+001
1.083513e+001 2.330159e+001 1.362681e+001
1.090736e+001 2.588593e+001 1.003530e+001
2.160110e+001 2.060064e+001 1.619192e+001
2.317293e+001 2.284263e+001 1.276246e+001
2.288247e+001 2.559752e+001 9.358942e+000
1.022804e+001 1.794940e+001 1.563500e+001
1.428202e+001 1.751051e+001 1.865489e+001
1.932823e+001 1.721005e+001 1.821563e+001
2.380332e+001 1.789062e+001 1.592233e+001
1.157493e+001 3.636057e+001 6.535475e+000
1.444570e+001 3.637501e+001 4.139102e+000
1.816454e+001 3.647548e+001 3.758620e+000
2.155257e+001 3.681130e+001 5.305764e+000
2.426552e+001 2.411412e+001 1.658155e+001
2.122260e+001 3.904444e+001 1.695122e+001
2.235174e+001 3.301152e+001 1.956618e+001
2.178443e+001 2.818397e+001 1.976657e+001
2.087529e+001 2.385266e+001 1.907960e+001
1.947623e+001 1.979650e+001 1.809121e+001
1.742652e+001 3.638096e+001 1.887868e+001
1.769925e+001 3.212036e+001 2.108197e+001
1.772599e+001 2.797884e+001 2.082906e+001
1.761809e+001 2.378885e+001 2.026042e+001
1.732332e+001 1.955226e+001 1.878208e+001
1.433056e+001 3.904895e+001 1.761239e+001
1.318532e+001 3.249183e+001 2.029411e+001
1.350848e+001 2.797557e+001 2.037598e+001
1.407960e+001 2.394892e+001 1.973038e+001
1.523780e+001 1.986392e+001 1.813718e+001
1.051775e+001 2.528348e+001 1.748059e+001
