[individuals]
1
[dimensions]
3
[landmarks]
71
[rawpoints]
'#1
4.026930e+000 2.964071e+001 1.395632e+001
2.464025e+001 2.847205e+001 8.745457e+000
1.223508e+001 2.251771e+001 6.384098e+000
1.303543e+001 1.077250e+001 1.249493e+001
1.182968e+001 1.615438e+000 1.771115e+001
1.583177e+001 1.722183e+000 1.699784e+001
9.336576e+000 3.017660e+001 5.559639e+000
1.634561e+001 2.951698e+001 3.922897e+000
1.458119e+001 3.313696e+001 1.128682e+001
1.512588e+001 3.323129e+001 1.410015e+001
1.577215e+001 3.238882e+001 1.676343e+001
1.620677e+001 3.052385e+001 1.889729e+001
1.056971e+001 3.214996e+001 1.508275e+001
9.135889e+000 3.162447e+001 1.523510e+001
7.667227e+000 3.118966e+001 1.533095e+001
6.789944e+000 2.993403e+001 1.523674e+001
2.026736e+001 3.175235e+001 1.407213e+001
2.105126e+001 3.124777e+001 1.309973e+001
2.175112e+001 3.053929e+001 1.219255e+001
2.191110e+001 2.943616e+001 1.143606e+001
6.217634e+000 2.635655e+001 1.709392e+001
3.193486e+000 2.289394e+001 1.560722e+001
3.155461e+000 2.093579e+001 1.119012e+001
6.999968e+000 1.883732e+001 9.150171e+000
2.388005e+001 2.563017e+001 1.179350e+001
2.507601e+001 2.171900e+001 9.756320e+000
2.209798e+001 2.140968e+001 6.302243e+000
1.836239e+001 1.877964e+001 6.384068e+000
6.084751e+000 2.191199e+001 1.867957e+001
3.789197e+000 2.036863e+001 1.566721e+001
3.852322e+000 1.930200e+001 1.171947e+001
2.444320e+001 2.081690e+001 1.333176e+001
2.435208e+001 1.970760e+001 9.533983e+000
2.227412e+001 1.934572e+001 6.185385e+000
7.378336e+000 1.799165e+001 1.944125e+001
5.042022e+000 1.800367e+001 1.621837e+001
4.774190e+000 1.772354e+001 1.225663e+001
2.298261e+001 1.649886e+001 1.433901e+001
2.259315e+001 1.653181e+001 1.070248e+001
2.142544e+001 1.698641e+001 7.266331e+000
1.106994e+001 9.982746e+000 2.006976e+001
7.837775e+000 1.259130e+001 1.706148e+001
7.249094e+000 1.505132e+001 1.260034e+001
1.943486e+001 9.867080e+000 1.620593e+001
1.996584e+001 1.237805e+001 1.246143e+001
1.938325e+001 1.515276e+001 8.916034e+000
7.937672e+000 7.542973e+000 1.995138e+001
1.279327e+001 7.022529e+000 2.120413e+001
1.762689e+001 6.565023e+000 1.984584e+001
2.098181e+001 6.972548e+000 1.610468e+001
8.589247e+000 2.659905e+001 7.602715e+000
1.123296e+001 2.629662e+001 5.501814e+000
1.451505e+001 2.627184e+001 4.652200e+000
1.774938e+001 2.620955e+001 5.667076e+000
2.155085e+001 1.182935e+001 1.583169e+001
1.966668e+001 2.830572e+001 1.702132e+001
2.113740e+001 2.068675e+001 1.980974e+001
2.027398e+001 1.589862e+001 2.011163e+001
1.929858e+001 1.187100e+001 2.023050e+001
1.742887e+001 9.053209e+000 1.950743e+001
1.640462e+001 2.383090e+001 2.128731e+001
1.636453e+001 2.000870e+001 2.217622e+001
1.607976e+001 1.624984e+001 2.224934e+001
1.561965e+001 1.257628e+001 2.173470e+001
1.510966e+001 8.902608e+000 2.085180e+001
1.239082e+001 2.795321e+001 1.952448e+001
1.172018e+001 2.138393e+001 2.241132e+001
1.194904e+001 1.682632e+001 2.246049e+001
1.224823e+001 1.288872e+001 2.192952e+001
1.323139e+001 9.160327e+000 2.066194e+001
8.146929e+000 1.400058e+001 2.002662e+001
