[individuals]
1
[dimensions]
3
[landmarks]
71
[rawpoints]
'#1
2.124605e+000 6.540274e+001 1.029121e+001
2.327705e+001 6.570581e+001 1.077017e+001
1.307826e+001 5.692285e+001 4.970200e+000
1.293415e+001 3.948978e+001 1.097368e+001
1.144155e+001 3.020751e+001 1.647846e+001
1.500955e+001 3.054109e+001 1.645958e+001
8.823962e+000 6.717673e+001 3.863968e+000
1.651879e+001 6.720819e+001 3.970871e+000
1.241757e+001 7.024080e+001 1.129837e+001
1.247283e+001 6.958755e+001 1.406488e+001
1.259867e+001 6.797276e+001 1.640149e+001
1.276678e+001 6.535793e+001 1.750494e+001
7.767595e+000 6.902803e+001 1.098823e+001
5.826915e+000 6.846030e+001 1.032123e+001
5.167459e+000 6.643655e+001 1.027175e+001
5.195408e+000 6.453036e+001 1.121994e+001
1.770868e+001 6.867853e+001 1.215954e+001
1.947609e+001 6.849847e+001 1.140138e+001
2.040841e+001 6.684129e+001 1.106101e+001
1.980841e+001 6.500524e+001 1.104729e+001
5.494222e+000 6.080462e+001 1.228847e+001
4.224103e+000 5.672898e+001 9.121530e+000
6.180097e+000 5.308166e+001 5.786328e+000
9.037161e+000 4.876481e+001 4.579988e+000
1.987252e+001 6.100914e+001 1.340152e+001
2.108776e+001 5.752396e+001 9.435761e+000
1.946646e+001 5.377474e+001 5.876530e+000
1.700376e+001 4.911640e+001 4.617035e+000
3.431571e+000 5.484914e+001 1.407005e+001
3.398538e+000 5.243391e+001 1.023640e+001
5.444171e+000 5.062340e+001 6.621355e+000
2.199562e+001 5.598014e+001 1.492546e+001
2.243032e+001 5.367573e+001 1.071659e+001
2.049397e+001 5.159853e+001 6.824280e+000
4.676677e+000 4.850946e+001 1.500948e+001
4.562491e+000 4.793973e+001 1.096877e+001
6.028475e+000 4.779159e+001 7.161686e+000
2.100047e+001 4.947662e+001 1.583724e+001
2.153906e+001 4.873534e+001 1.160351e+001
2.014448e+001 4.840996e+001 7.515358e+000
1.095714e+001 3.661514e+001 1.564291e+001
9.522477e+000 4.036683e+001 1.180831e+001
9.555433e+000 4.452142e+001 8.124106e+000
1.501745e+001 3.720260e+001 1.634697e+001
1.665970e+001 4.079445e+001 1.227840e+001
1.655711e+001 4.479657e+001 8.262663e+000
1.029190e+001 3.325407e+001 1.563496e+001
1.205225e+001 3.338620e+001 1.753881e+001
1.464623e+001 3.330025e+001 1.746576e+001
1.626367e+001 3.363740e+001 1.546300e+001
7.975644e+000 6.237992e+001 5.850060e+000
1.097339e+001 6.169877e+001 3.884801e+000
1.461718e+001 6.188389e+001 3.942262e+000
1.762745e+001 6.263464e+001 5.862534e+000
1.868401e+001 4.299412e+001 1.635904e+001
1.678732e+001 6.175163e+001 1.607487e+001
1.800064e+001 5.348712e+001 1.990892e+001
1.713791e+001 4.737362e+001 1.975657e+001
1.578549e+001 4.197779e+001 1.898584e+001
1.409515e+001 3.704197e+001 1.785045e+001
1.305363e+001 5.660899e+001 1.973268e+001
1.291922e+001 5.159056e+001 2.078230e+001
1.283602e+001 4.664122e+001 2.039218e+001
1.291351e+001 4.183521e+001 1.921321e+001
1.308234e+001 3.689387e+001 1.818288e+001
8.897098e+000 6.229874e+001 1.604571e+001
7.614229e+000 5.299520e+001 1.968544e+001
8.418751e+000 4.682090e+001 1.952679e+001
9.939899e+000 4.149776e+001 1.874276e+001
1.186509e+001 3.673061e+001 1.777780e+001
7.180550e+000 4.232172e+001 1.556018e+001
