[individuals]
1
[dimensions]
3
[landmarks]
71
[rawpoints]
'#1
1.423835e+001 7.442550e+001 1.142297e+001
3.756787e+001 7.539656e+001 1.041157e+001
2.570540e+001 6.711814e+001 7.462616e+000
2.620269e+001 4.871417e+001 1.781676e+001
2.401898e+001 4.049059e+001 2.607163e+001
2.857071e+001 4.081269e+001 2.615376e+001
2.083661e+001 7.562470e+001 4.362007e+000
3.034737e+001 7.555472e+001 3.841721e+000
2.565098e+001 8.211284e+001 9.423039e+000
2.582860e+001 8.373565e+001 1.267157e+001
2.599304e+001 8.289907e+001 1.620597e+001
2.602120e+001 8.015752e+001 1.859362e+001
1.967865e+001 8.278094e+001 1.206527e+001
1.737939e+001 8.067020e+001 1.159219e+001
1.635145e+001 7.768835e+001 1.172592e+001
1.618732e+001 7.475125e+001 1.287166e+001
3.114087e+001 8.278632e+001 1.249987e+001
3.360377e+001 8.108854e+001 1.215659e+001
3.482753e+001 7.835572e+001 1.183924e+001
3.552209e+001 7.543539e+001 1.160408e+001
1.583800e+001 7.287482e+001 1.486613e+001
1.310033e+001 6.646497e+001 1.336920e+001
1.756302e+001 6.277984e+001 9.202536e+000
2.249576e+001 5.763388e+001 9.019741e+000
3.574644e+001 7.323661e+001 1.404805e+001
3.828405e+001 6.743078e+001 1.092215e+001
3.391864e+001 6.270450e+001 8.001890e+000
2.912781e+001 5.760236e+001 8.968418e+000
1.530140e+001 6.796313e+001 1.998207e+001
1.379558e+001 6.301474e+001 1.577772e+001
1.646314e+001 6.010680e+001 1.040579e+001
3.701935e+001 6.926935e+001 1.899700e+001
3.853864e+001 6.454459e+001 1.419311e+001
3.519944e+001 6.086805e+001 9.392583e+000
1.666307e+001 6.168263e+001 2.187547e+001
1.501098e+001 5.859908e+001 1.700939e+001
1.716084e+001 5.695155e+001 1.166337e+001
3.624637e+001 6.286430e+001 2.082147e+001
3.763020e+001 5.953981e+001 1.586648e+001
3.503045e+001 5.783782e+001 1.058778e+001
2.318631e+001 4.883540e+001 2.349146e+001
2.049272e+001 5.141550e+001 1.879104e+001
2.226186e+001 5.367172e+001 1.352005e+001
2.912646e+001 4.873949e+001 2.313051e+001
3.154994e+001 5.124375e+001 1.842149e+001
3.030975e+001 5.389260e+001 1.334563e+001
2.240216e+001 4.505737e+001 2.477290e+001
2.415277e+001 4.596364e+001 2.726524e+001
2.732350e+001 4.608747e+001 2.743668e+001
2.968906e+001 4.543790e+001 2.541659e+001
1.955256e+001 7.138063e+001 7.857437e+000
2.375141e+001 7.003249e+001 5.999222e+000
2.853324e+001 7.017216e+001 5.872425e+000
3.275133e+001 7.179244e+001 7.448277e+000
3.450092e+001 5.529948e+001 2.243568e+001
3.036549e+001 7.775811e+001 1.601908e+001
3.172626e+001 6.850653e+001 2.361009e+001
3.152382e+001 6.163512e+001 2.555306e+001
3.029696e+001 5.500973e+001 2.573438e+001
2.787365e+001 4.905381e+001 2.517134e+001
2.597821e+001 7.185966e+001 2.151144e+001
2.623361e+001 6.654371e+001 2.473730e+001
2.638313e+001 6.092374e+001 2.632372e+001
2.677279e+001 5.495814e+001 2.559198e+001
2.635878e+001 4.904092e+001 2.546559e+001
2.187029e+001 7.733147e+001 1.618927e+001
2.039358e+001 6.786343e+001 2.394644e+001
2.119594e+001 6.103973e+001 2.584847e+001
2.259792e+001 5.473969e+001 2.605405e+001
2.453125e+001 4.907511e+001 2.531131e+001
1.831661e+001 5.508212e+001 2.352493e+001
