[individuals]
1
[dimensions]
3
[landmarks]
71
[rawpoints]
'#1
5.450369e+00 2.765070e+01 1.412496e+01
1.966841e+01 2.850613e+01 7.426338e+00
1.131041e+01 2.355185e+01 7.735035e+00
1.343850e+01 1.248818e+01 1.167261e+01
1.273179e+01 6.207311e+00 1.611312e+01
1.677961e+01 6.010462e+00 1.382615e+01
7.780074e+00 2.861663e+01 7.958542e+00
1.311120e+01 2.845224e+01 5.188940e+00
1.289707e+01 3.168973e+01 1.170585e+01
1.355180e+01 3.140944e+01 1.323381e+01
1.425676e+01 3.072960e+01 1.460604e+01
1.462704e+01 2.940570e+01 1.558181e+01
9.630939e+00 3.098930e+01 1.352690e+01
8.242733e+00 3.067779e+01 1.341286e+01
7.183403e+00 2.972737e+01 1.346725e+01
7.699586e+00 2.850598e+01 1.400490e+01
1.601749e+01 3.118635e+01 9.844004e+00
1.723564e+01 3.110847e+01 8.772916e+00
1.807402e+01 2.978509e+01 8.345149e+00
1.826673e+01 2.819457e+01 8.610494e+00
6.635109e+00 2.644268e+01 1.561363e+01
4.912119e+00 2.350388e+01 1.416101e+01
7.584711e+00 2.172516e+01 1.223514e+01
8.352676e+00 1.900366e+01 9.776291e+00
2.034240e+01 2.651546e+01 8.102348e+00
1.920065e+01 2.358783e+01 7.259230e+00
1.677197e+01 2.143194e+01 7.455339e+00
1.477915e+01 1.901205e+01 6.584362e+00
6.249159e+00 2.238925e+01 1.705714e+01
4.469911e+00 2.054907e+01 1.488671e+01
6.539043e+00 2.045146e+01 1.221546e+01
2.178341e+01 2.276260e+01 9.138392e+00
2.109008e+01 2.104597e+01 6.286299e+00
1.769827e+01 2.077290e+01 6.849527e+00
8.376709e+00 1.854049e+01 1.815216e+01
5.872976e+00 1.851761e+01 1.534594e+01
5.174976e+00 1.937881e+01 1.175165e+01
2.135838e+01 1.887578e+01 1.018895e+01
2.051140e+01 1.874817e+01 7.079434e+00
1.778608e+01 1.967398e+01 5.623560e+00
1.206461e+01 1.186554e+01 1.655983e+01
9.627660e+00 1.414394e+01 1.481434e+01
7.854701e+00 1.611806e+01 1.214301e+01
1.777716e+01 1.200457e+01 1.361843e+01
1.805445e+01 1.433362e+01 1.056772e+01
1.755711e+01 1.648187e+01 7.414152e+00
1.125790e+01 8.960023e+00 1.717404e+01
1.434558e+01 8.572421e+00 1.748385e+01
1.719722e+01 8.819345e+00 1.622360e+01
1.891610e+01 9.332790e+00 1.366185e+01
8.145581e+00 2.658227e+01 1.020823e+01
9.230819e+00 2.603225e+01 7.347140e+00
1.202185e+01 2.614639e+01 5.982455e+00
1.502235e+01 2.685969e+01 6.375286e+00
1.963480e+01 1.486811e+01 1.256744e+01
1.753151e+01 2.777641e+01 1.330942e+01
2.015086e+01 2.179622e+01 1.490434e+01
1.990930e+01 1.762217e+01 1.519770e+01
1.882429e+01 1.428776e+01 1.550969e+01
1.725829e+01 1.163766e+01 1.518254e+01
1.586140e+01 2.384127e+01 1.703407e+01
1.629177e+01 2.063449e+01 1.771927e+01
1.622946e+01 1.751637e+01 1.764641e+01
1.595047e+01 1.443368e+01 1.712523e+01
1.545945e+01 1.139870e+01 1.619522e+01
1.167405e+01 2.812796e+01 1.608610e+01
1.209839e+01 2.161492e+01 1.915382e+01
1.269774e+01 1.763871e+01 1.914272e+01
1.339175e+01 1.430104e+01 1.858135e+01
1.375739e+01 1.162062e+01 1.706372e+01
1.073111e+01 1.481339e+01 1.818013e+01
