[individuals]
1
[dimensions]
3
[landmarks]
71
[rawpoints]
'#1
6.289622e+000 4.266491e+001 7.127067e+000
2.095246e+001 4.168148e+001 7.208242e+000
1.332873e+001 3.725429e+001 5.699559e+000
1.221524e+001 2.884539e+001 1.007242e+001
1.083382e+001 2.362273e+001 1.455669e+001
1.347140e+001 2.314322e+001 1.448901e+001
1.084802e+001 4.255212e+001 3.869264e+000
1.630814e+001 4.195334e+001 3.894813e+000
1.397696e+001 4.538054e+001 9.058867e+000
1.399551e+001 4.525419e+001 1.073294e+001
1.396484e+001 4.453563e+001 1.225003e+001
1.380719e+001 4.311951e+001 1.313802e+001
1.028866e+001 4.514221e+001 9.388476e+000
9.045691e+000 4.491070e+001 8.947074e+000
8.358321e+000 4.379839e+001 8.657508e+000
8.472278e+000 4.253403e+001 9.083811e+000
1.749748e+001 4.464376e+001 9.616718e+000
1.881241e+001 4.413686e+001 9.521494e+000
1.950826e+001 4.290956e+001 9.452479e+000
1.908543e+001 4.161972e+001 9.061680e+000
7.456326e+000 4.178534e+001 1.062507e+001
6.223190e+000 3.899377e+001 8.304267e+000
8.249968e+000 3.585648e+001 7.432914e+000
9.842643e+000 3.248306e+001 6.542033e+000
2.079856e+001 3.987179e+001 9.137406e+000
1.970336e+001 3.707675e+001 8.218739e+000
1.763692e+001 3.488063e+001 7.345561e+000
1.601956e+001 3.235302e+001 6.422718e+000
6.463358e+000 3.963482e+001 1.210601e+001
4.803410e+000 3.687049e+001 9.669417e+000
6.305624e+000 3.441685e+001 6.830649e+000
2.113432e+001 3.663069e+001 1.100289e+001
2.112902e+001 3.427939e+001 8.878557e+000
1.909919e+001 3.298763e+001 6.815970e+000
6.249491e+000 3.636188e+001 1.303528e+001
5.654732e+000 3.416684e+001 1.065280e+001
6.877871e+000 3.272371e+001 7.956443e+000
2.004001e+001 3.372009e+001 1.220910e+001
1.998567e+001 3.265065e+001 9.661430e+000
1.861092e+001 3.206108e+001 7.337564e+000
9.617293e+000 2.831783e+001 1.402308e+001
8.923164e+000 2.958835e+001 1.148576e+001
9.369218e+000 3.074107e+001 8.838844e+000
1.531726e+001 2.790161e+001 1.340662e+001
1.619187e+001 2.926162e+001 1.109955e+001
1.613805e+001 3.058565e+001 8.613442e+000
8.558670e+000 2.657572e+001 1.454320e+001
1.109780e+001 2.659527e+001 1.531059e+001
1.374846e+001 2.662274e+001 1.540701e+001
1.600926e+001 2.606307e+001 1.413749e+001
1.042541e+001 4.076958e+001 5.663551e+000
1.229740e+001 4.019115e+001 4.326177e+000
1.465477e+001 3.992801e+001 4.358447e+000
1.661976e+001 4.012257e+001 5.673215e+000
1.819095e+001 3.083627e+001 1.294655e+001
1.634933e+001 4.155475e+001 1.239593e+001
1.731107e+001 3.652673e+001 1.516195e+001
1.670792e+001 3.316185e+001 1.539362e+001
1.578695e+001 3.025183e+001 1.570452e+001
1.404719e+001 2.773314e+001 1.484355e+001
1.346963e+001 3.896421e+001 1.451784e+001
1.311047e+001 3.623956e+001 1.548545e+001
1.281743e+001 3.343982e+001 1.573019e+001
1.255561e+001 3.063837e+001 1.563492e+001
1.233190e+001 2.782011e+001 1.495716e+001
1.121513e+001 4.193414e+001 1.246284e+001
9.488337e+000 3.789927e+001 1.507875e+001
9.301336e+000 3.451844e+001 1.545618e+001
9.580456e+000 3.125986e+001 1.578117e+001
1.088370e+001 2.798948e+001 1.493840e+001
7.003177e+000 3.239368e+001 1.369738e+001
