[individuals]
1
[dimensions]
3
[landmarks]
71
[rawpoints]
'#1
8.727475e+000 8.340642e+001 1.428313e+001
3.336812e+001 8.267239e+001 1.408086e+001
2.085630e+001 7.250562e+001 1.026108e+001
2.080116e+001 6.067478e+001 2.112497e+001
1.788980e+001 5.139420e+001 3.132379e+001
2.353920e+001 5.120313e+001 3.116184e+001
1.565314e+001 8.206789e+001 7.007061e+000
2.620605e+001 8.171738e+001 6.567674e+000
2.112994e+001 8.878167e+001 1.137255e+001
2.124210e+001 9.027379e+001 1.501603e+001
2.138758e+001 9.040314e+001 1.895025e+001
2.147710e+001 8.830730e+001 2.228399e+001
1.517796e+001 8.828517e+001 1.421620e+001
1.300729e+001 8.743550e+001 1.375559e+001
1.191714e+001 8.533772e+001 1.399502e+001
1.170689e+001 8.314796e+001 1.489299e+001
2.765803e+001 8.841460e+001 1.448940e+001
2.976062e+001 8.733899e+001 1.396170e+001
3.065495e+001 8.509180e+001 1.404470e+001
3.060963e+001 8.269913e+001 1.440466e+001
9.774129e+000 8.216004e+001 1.797061e+001
7.824738e+000 7.580322e+001 1.542476e+001
1.208923e+001 7.097169e+001 1.239768e+001
1.842486e+001 6.772814e+001 1.257976e+001
3.164546e+001 8.259282e+001 1.785403e+001
3.243966e+001 7.666103e+001 1.383508e+001
2.764721e+001 7.246930e+001 1.045738e+001
2.308244e+001 6.733218e+001 1.263708e+001
9.423023e+000 7.647496e+001 2.245165e+001
8.268694e+000 7.191539e+001 1.797584e+001
1.214728e+001 6.896297e+001 1.368691e+001
3.260839e+001 7.712672e+001 2.240324e+001
3.401907e+001 7.210343e+001 1.746139e+001
2.961175e+001 7.028275e+001 1.208516e+001
1.100908e+001 7.093565e+001 2.595387e+001
1.024890e+001 6.920346e+001 2.006094e+001
1.255963e+001 6.757973e+001 1.455445e+001
3.132139e+001 7.109257e+001 2.546234e+001
3.231133e+001 6.921169e+001 1.919160e+001
2.953214e+001 6.871709e+001 1.320269e+001
1.598899e+001 5.913185e+001 3.155548e+001
1.510101e+001 6.259317e+001 2.533550e+001
1.561508e+001 6.509727e+001 1.863321e+001
2.631247e+001 5.904011e+001 3.078953e+001
2.625659e+001 6.179121e+001 2.457573e+001
2.509260e+001 6.423474e+001 1.834219e+001
1.382684e+001 5.604091e+001 3.121945e+001
1.855219e+001 5.614727e+001 3.332683e+001
2.372309e+001 5.612543e+001 3.312065e+001
2.831240e+001 5.617767e+001 3.072965e+001
1.486020e+001 7.860435e+001 9.201375e+000
1.883814e+001 7.688162e+001 7.675967e+000
2.341204e+001 7.727803e+001 7.474928e+000
2.709449e+001 7.883520e+001 9.740894e+000
2.969045e+001 6.516204e+001 2.832357e+001
2.489001e+001 8.523501e+001 2.075174e+001
2.695756e+001 7.947755e+001 2.791043e+001
2.639230e+001 7.247870e+001 3.064716e+001
2.552448e+001 6.525356e+001 3.185908e+001
2.440121e+001 5.840512e+001 3.230579e+001
2.132340e+001 8.400210e+001 2.575450e+001
2.105531e+001 7.870599e+001 2.982131e+001
2.114175e+001 7.209492e+001 3.198865e+001
2.102246e+001 6.581424e+001 3.314301e+001
2.118973e+001 5.866979e+001 3.205727e+001
1.796993e+001 8.546488e+001 2.122725e+001
1.500828e+001 7.896603e+001 2.790516e+001
1.557902e+001 7.221744e+001 3.082946e+001
1.703691e+001 6.520739e+001 3.201241e+001
1.850253e+001 5.866213e+001 3.254364e+001
1.285631e+001 6.529971e+001 2.916743e+001
