[individuals]
1
[dimensions]
3
[landmarks]
71
[rawpoints]
'#1
9.847534e+000 8.336603e+001 1.037079e+001
3.443674e+001 8.422477e+001 1.086387e+001
2.220226e+001 7.356882e+001 7.770359e+000
2.241306e+001 6.109193e+001 1.735896e+001
2.053637e+001 5.048496e+001 2.588908e+001
2.503367e+001 5.065114e+001 2.579513e+001
1.754100e+001 8.184685e+001 4.306385e+000
2.651515e+001 8.172846e+001 4.395378e+000
2.206120e+001 8.911082e+001 9.527671e+000
2.216894e+001 9.055021e+001 1.331092e+001
2.226641e+001 9.049973e+001 1.735864e+001
2.239050e+001 8.872659e+001 2.099687e+001
1.665543e+001 8.917003e+001 1.445740e+001
1.431852e+001 8.845611e+001 1.385082e+001
1.287986e+001 8.641192e+001 1.355104e+001
1.223471e+001 8.399269e+001 1.381460e+001
2.835309e+001 8.915482e+001 1.449712e+001
3.062841e+001 8.817596e+001 1.354326e+001
3.215833e+001 8.614638e+001 1.277826e+001
3.208318e+001 8.349753e+001 1.262564e+001
9.602521e+000 8.198196e+001 1.491801e+001
8.044529e+000 7.479000e+001 1.304175e+001
1.341661e+001 7.171687e+001 8.640540e+000
1.957947e+001 6.743923e+001 9.823531e+000
3.415104e+001 8.324609e+001 1.458702e+001
3.648955e+001 7.589402e+001 1.231544e+001
3.182004e+001 7.033795e+001 8.849771e+000
2.465761e+001 6.670640e+001 9.293790e+000
9.712964e+000 7.685173e+001 1.912382e+001
9.049999e+000 7.158283e+001 1.494966e+001
1.290754e+001 6.802659e+001 1.069584e+001
3.498810e+001 7.752013e+001 1.940181e+001
3.576803e+001 7.187545e+001 1.487071e+001
3.177794e+001 6.780532e+001 1.034124e+001
1.136045e+001 7.098100e+001 2.235318e+001
1.174092e+001 6.800204e+001 1.725056e+001
1.538651e+001 6.532520e+001 1.342969e+001
3.338075e+001 7.112396e+001 2.322354e+001
3.441966e+001 6.944347e+001 1.663757e+001
3.126988e+001 6.669020e+001 1.118062e+001
1.709900e+001 5.792831e+001 2.747204e+001
1.686432e+001 6.144013e+001 2.164277e+001
1.880157e+001 6.393586e+001 1.561051e+001
2.819530e+001 5.813275e+001 2.787503e+001
2.816913e+001 6.108580e+001 2.155966e+001
2.630804e+001 6.388071e+001 1.544999e+001
1.491358e+001 5.595280e+001 2.766050e+001
2.000948e+001 5.480142e+001 2.915672e+001
2.544173e+001 5.492231e+001 2.907127e+001
3.044107e+001 5.612310e+001 2.731186e+001
1.528118e+001 7.951980e+001 8.105965e+000
1.950012e+001 7.850441e+001 5.638103e+000
2.443632e+001 7.908927e+001 5.178203e+000
2.866798e+001 8.013731e+001 7.610184e+000
3.145289e+001 6.482558e+001 2.627426e+001
2.612835e+001 8.616130e+001 1.907521e+001
2.916518e+001 7.841544e+001 2.654476e+001
2.881115e+001 7.117017e+001 2.885736e+001
2.759406e+001 6.417309e+001 2.921465e+001
2.589192e+001 5.739540e+001 2.871597e+001
2.238957e+001 8.384824e+001 2.553783e+001
2.294582e+001 7.774419e+001 2.885022e+001
2.326359e+001 7.092927e+001 2.997401e+001
2.327016e+001 6.423454e+001 3.041950e+001
2.292108e+001 5.736872e+001 2.830694e+001
1.897259e+001 8.587014e+001 1.930114e+001
1.613305e+001 7.846510e+001 2.675785e+001
1.680544e+001 7.114552e+001 2.897153e+001
1.819658e+001 6.410171e+001 2.934023e+001
1.980290e+001 5.743123e+001 2.868672e+001
1.369089e+001 6.448183e+001 2.497676e+001
