[individuals]
1
[dimensions]
3
[landmarks]
71
[rawpoints]
'#1
1.414850e+001 5.725343e+001 2.517847e+001
3.381221e+001 5.766372e+001 2.589037e+001
2.364991e+001 4.870547e+001 2.272722e+001
2.420213e+001 3.560184e+001 3.077871e+001
2.214713e+001 3.038513e+001 3.824408e+001
2.612996e+001 3.036349e+001 3.756747e+001
2.071363e+001 5.705362e+001 1.975987e+001
2.765528e+001 5.725130e+001 1.977429e+001
2.425855e+001 6.264431e+001 2.586724e+001
2.422659e+001 6.242645e+001 2.838406e+001
2.410611e+001 6.112603e+001 3.054688e+001
2.403979e+001 5.927512e+001 3.226525e+001
1.870070e+001 6.098923e+001 2.713857e+001
1.690596e+001 6.011462e+001 2.616295e+001
1.582298e+001 5.822448e+001 2.656751e+001
1.746754e+001 5.672736e+001 2.656162e+001
2.937661e+001 6.105259e+001 2.716380e+001
3.094223e+001 6.050603e+001 2.693398e+001
3.210530e+001 5.930794e+001 2.681421e+001
3.217583e+001 5.764220e+001 2.666270e+001
1.718009e+001 5.401679e+001 2.993428e+001
1.494739e+001 5.019518e+001 2.740491e+001
1.719928e+001 4.643133e+001 2.480673e+001
1.974907e+001 4.207939e+001 2.406647e+001
3.138797e+001 5.382695e+001 2.946197e+001
3.153636e+001 5.029786e+001 2.644880e+001
3.038340e+001 4.647530e+001 2.407937e+001
2.794582e+001 4.255474e+001 2.358535e+001
1.539331e+001 5.067978e+001 3.389391e+001
1.329056e+001 4.800111e+001 2.981361e+001
1.600578e+001 4.517409e+001 2.622411e+001
3.259056e+001 4.895171e+001 3.518861e+001
3.448880e+001 4.618173e+001 3.091269e+001
3.234361e+001 4.419780e+001 2.632737e+001
1.584251e+001 4.560352e+001 3.551730e+001
1.462475e+001 4.354147e+001 3.147877e+001
1.633769e+001 4.230921e+001 2.728426e+001
3.160691e+001 4.384751e+001 3.622341e+001
3.312141e+001 4.280987e+001 3.162243e+001
3.148389e+001 4.202870e+001 2.701257e+001
2.118764e+001 3.421599e+001 3.699212e+001
1.963159e+001 3.672207e+001 3.278136e+001
1.980784e+001 3.897377e+001 2.816312e+001
2.704433e+001 3.431076e+001 3.698428e+001
2.841063e+001 3.672440e+001 3.244672e+001
2.811529e+001 3.938024e+001 2.784850e+001
2.058942e+001 3.241786e+001 3.659153e+001
2.280853e+001 3.234861e+001 3.847020e+001
2.571193e+001 3.217790e+001 3.847020e+001
2.758263e+001 3.200555e+001 3.625011e+001
1.879761e+001 5.342784e+001 2.275357e+001
2.211859e+001 5.224434e+001 2.086765e+001
2.610407e+001 5.194092e+001 2.096679e+001
2.938737e+001 5.350599e+001 2.262712e+001
3.007362e+001 3.877287e+001 3.579948e+001
2.782593e+001 5.564857e+001 3.173807e+001
2.883750e+001 4.811610e+001 3.791753e+001
2.832116e+001 4.273092e+001 3.884016e+001
2.736437e+001 3.812676e+001 3.869459e+001
2.591067e+001 3.411933e+001 3.803899e+001
2.419971e+001 5.096087e+001 3.697923e+001
2.425683e+001 4.687351e+001 3.864642e+001
2.434018e+001 4.265129e+001 3.912638e+001
2.438858e+001 3.845108e+001 3.871863e+001
2.444771e+001 3.410844e+001 3.816015e+001
2.111295e+001 5.549218e+001 3.209418e+001
1.941111e+001 4.902074e+001 3.773129e+001
1.986455e+001 4.360880e+001 3.891641e+001
2.099392e+001 3.866761e+001 3.895918e+001
2.267479e+001 3.409256e+001 3.826346e+001
1.770757e+001 3.972838e+001 3.631588e+001
