[individuals]
1
[dimensions]
3
[landmarks]
71
[rawpoints]
'#1
5.089868e+001 1.233483e+002 5.887975e+001
8.461762e+001 1.183317e+002 6.422617e+001
6.776624e+001 1.112080e+002 4.968962e+001
6.350219e+001 8.515514e+001 5.639817e+001
5.885712e+001 7.186501e+001 6.233288e+001
6.460323e+001 7.088165e+001 6.257874e+001
7.542442e+001 1.228117e+002 5.146764e+001
6.381681e+001 1.245651e+002 4.991049e+001
6.866059e+001 1.296301e+002 6.066590e+001
6.788992e+001 1.301643e+002 6.564550e+001
6.711229e+001 1.284279e+002 7.034174e+001
6.675526e+001 1.249261e+002 7.398652e+001
6.035842e+001 1.298972e+002 6.357259e+001
5.790661e+001 1.285778e+002 6.186287e+001
5.611106e+001 1.262293e+002 6.047132e+001
5.503073e+001 1.231466e+002 6.039943e+001
7.626139e+001 1.280272e+002 6.562276e+001
7.927451e+001 1.256970e+002 6.494257e+001
8.127810e+001 1.223921e+002 6.475394e+001
8.100476e+001 1.185722e+002 6.420120e+001
5.274467e+001 1.186217e+002 6.297614e+001
5.230612e+001 1.132080e+002 5.451750e+001
5.641642e+001 1.075656e+002 4.728394e+001
6.257823e+001 9.962289e+001 4.731561e+001
8.019563e+001 1.153100e+002 6.856704e+001
8.279516e+001 1.090973e+002 6.084227e+001
8.020950e+001 1.038451e+002 5.243090e+001
7.206621e+001 9.886127e+001 4.870189e+001
4.948600e+001 1.104829e+002 6.546444e+001
4.973302e+001 1.067482e+002 5.643518e+001
5.378416e+001 1.038280e+002 4.803291e+001
8.032851e+001 1.045153e+002 7.036974e+001
8.221934e+001 1.013001e+002 6.179576e+001
8.024023e+001 1.011171e+002 5.266232e+001
5.028740e+001 1.015704e+002 6.631080e+001
5.083869e+001 1.008773e+002 5.742131e+001
5.384566e+001 9.926531e+001 4.916468e+001
7.650488e+001 9.546982e+001 7.043420e+001
7.881009e+001 9.490635e+001 6.160561e+001
8.003882e+001 9.709721e+001 5.281654e+001
5.603764e+001 7.863487e+001 6.407065e+001
5.870191e+001 8.548232e+001 5.831281e+001
6.141931e+001 9.339522e+001 5.417260e+001
6.713884e+001 7.720170e+001 6.669699e+001
6.882243e+001 8.481565e+001 6.025220e+001
6.656200e+001 9.314580e+001 5.497707e+001
5.525254e+001 7.779369e+001 6.284071e+001
5.881890e+001 7.459452e+001 6.496663e+001
6.394411e+001 7.419637e+001 6.599017e+001
6.860828e+001 7.614761e+001 6.460725e+001
6.103495e+001 1.197147e+002 5.276392e+001
6.607722e+001 1.175787e+002 4.917907e+001
7.245683e+001 1.166939e+002 5.034450e+001
7.648880e+001 1.175976e+002 5.542071e+001
7.128170e+001 8.679617e+001 6.908922e+001
7.230488e+001 1.195875e+002 7.066880e+001
7.172920e+001 1.044647e+002 7.717454e+001
6.906409e+001 9.425589e+001 7.448851e+001
6.669534e+001 8.465846e+001 7.167013e+001
6.456396e+001 7.588370e+001 6.638746e+001
6.515128e+001 1.154034e+002 7.402113e+001
6.341168e+001 1.047679e+002 7.817033e+001
6.251711e+001 9.452711e+001 7.580180e+001
6.184538e+001 8.477576e+001 7.262476e+001
6.180518e+001 7.608354e+001 6.544645e+001
6.181059e+001 1.207375e+002 6.915644e+001
5.596194e+001 1.078706e+002 7.475908e+001
5.607307e+001 9.704298e+001 7.307247e+001
5.701895e+001 8.683176e+001 7.018001e+001
5.838782e+001 7.656497e+001 6.544619e+001
5.314678e+001 9.118555e+001 6.576170e+001
