[individuals]
1
[dimensions]
3
[landmarks]
71
[rawpoints]
'#1
5.509205e+000 1.193014e+002 1.906445e+001
3.710925e+001 1.200231e+002 1.841412e+001
2.058076e+001 1.101512e+002 1.225631e+001
2.135095e+001 8.995858e+001 2.539308e+001
1.632807e+001 7.841349e+001 3.340163e+001
2.625663e+001 7.844106e+001 3.516074e+001
1.504394e+001 1.211552e+002 7.729649e+000
2.594956e+001 1.208845e+002 7.449310e+000
2.102257e+001 1.264692e+002 1.820992e+001
2.123899e+001 1.267803e+002 2.156514e+001
2.139022e+001 1.267224e+002 2.493771e+001
2.154986e+001 1.253627e+002 2.802419e+001
1.310584e+001 1.239932e+002 2.050196e+001
1.031669e+001 1.238799e+002 2.110058e+001
8.998205e+000 1.213961e+002 2.160226e+001
8.221390e+000 1.187415e+002 2.231136e+001
2.974017e+001 1.241140e+002 2.145687e+001
3.162433e+001 1.238860e+002 2.191909e+001
3.293840e+001 1.224739e+002 2.222745e+001
3.261607e+001 1.205691e+002 2.251653e+001
8.650280e+000 1.135082e+002 2.407534e+001
7.759682e+000 1.083339e+002 2.064293e+001
1.007322e+001 1.040530e+002 1.668429e+001
1.349857e+001 9.879945e+001 1.656201e+001
3.338487e+001 1.151530e+002 2.281647e+001
3.346915e+001 1.096501e+002 1.982998e+001
3.169272e+001 1.048163e+002 1.626849e+001
2.833212e+001 9.955617e+001 1.577521e+001
7.653240e+000 1.077746e+002 2.705005e+001
6.691788e+000 1.032164e+002 2.343908e+001
8.159648e+000 1.004161e+002 1.846489e+001
3.468284e+001 1.092195e+002 2.837616e+001
3.602820e+001 1.051192e+002 2.333340e+001
3.422131e+001 1.017533e+002 1.790608e+001
8.957951e+000 1.016034e+002 2.920034e+001
8.449195e+000 9.964918e+001 2.450606e+001
9.779005e+000 9.781583e+001 1.992506e+001
3.291837e+001 1.035165e+002 3.165496e+001
3.502086e+001 1.011237e+002 2.584443e+001
3.352889e+001 9.880737e+001 1.981778e+001
1.574214e+001 8.949440e+001 3.412540e+001
1.335911e+001 9.178520e+001 2.817055e+001
1.399025e+001 9.505075e+001 2.222713e+001
2.730362e+001 8.946125e+001 3.493957e+001
3.054709e+001 9.207817e+001 2.862683e+001
2.886800e+001 9.523872e+001 2.196317e+001
1.189829e+001 8.372385e+001 3.407756e+001
1.678440e+001 8.332094e+001 3.991528e+001
2.437197e+001 8.263104e+001 3.964022e+001
3.069934e+001 8.383150e+001 3.556116e+001
1.142028e+001 1.173122e+002 1.322633e+001
1.748886e+001 1.166645e+002 9.752454e+000
2.450919e+001 1.165526e+002 9.899656e+000
3.076706e+001 1.177378e+002 1.285785e+001
3.048262e+001 9.727940e+001 3.400299e+001
2.619657e+001 1.195862e+002 2.597162e+001
2.802101e+001 1.104559e+002 3.358291e+001
2.696668e+001 1.034705e+002 3.522234e+001
2.625693e+001 9.656747e+001 3.668067e+001
2.506286e+001 8.936079e+001 3.661178e+001
2.137274e+001 1.134772e+002 3.174651e+001
2.138810e+001 1.088527e+002 3.487484e+001
2.157332e+001 1.033611e+002 3.710552e+001
2.192957e+001 9.672322e+001 3.746270e+001
2.235760e+001 8.925071e+001 3.690010e+001
1.678048e+001 1.195098e+002 2.650711e+001
1.424212e+001 1.100085e+002 3.389978e+001
1.503021e+001 1.028420e+002 3.566415e+001
1.653259e+001 9.598412e+001 3.654842e+001
1.883122e+001 8.950434e+001 3.650518e+001
1.179308e+001 9.540392e+001 3.136670e+001
