[individuals]
1
[dimensions]
3
[landmarks]
71
[rawpoints]
'#1
5.214237e+001 6.810841e+001 -9.548535e+002
8.263890e+001 6.973955e+001 -9.528085e+002
6.787206e+001 7.184412e+001 -9.678300e+002
6.770348e+001 6.303397e+001 -1.001987e+003
6.311577e+001 4.600575e+001 -1.028069e+003
7.787874e+001 4.746649e+001 -1.028272e+003
5.658897e+001 7.771153e+001 -9.428074e+002
7.682695e+001 7.905669e+001 -9.424190e+002
6.783126e+001 6.443033e+001 -9.388301e+002
6.809768e+001 5.854333e+001 -9.390143e+002
6.851817e+001 5.319738e+001 -9.414658e+002
6.880168e+001 4.967388e+001 -9.461844e+002
5.732103e+001 5.789599e+001 -9.429361e+002
5.308004e+001 6.198333e+001 -9.434857e+002
5.072848e+001 6.450982e+001 -9.482903e+002
5.184103e+001 6.562263e+001 -9.539928e+002
8.046926e+001 5.577243e+001 -9.418164e+002
8.279100e+001 6.124155e+001 -9.425038e+002
8.543987e+001 6.594291e+001 -9.467089e+002
8.417889e+001 6.794337e+001 -9.512372e+002
5.114233e+001 5.791779e+001 -9.598257e+002
4.720496e+001 6.174280e+001 -9.682628e+002
5.075628e+001 6.679752e+001 -9.762090e+002
5.620475e+001 6.907303e+001 -9.843610e+002
8.521246e+001 5.901320e+001 -9.597811e+002
8.878267e+001 6.455663e+001 -9.669682e+002
8.544268e+001 6.936160e+001 -9.747712e+002
8.061377e+001 7.139168e+001 -9.829990e+002
4.698029e+001 5.403848e+001 -9.722642e+002
4.558706e+001 6.016097e+001 -9.772455e+002
4.955637e+001 6.586709e+001 -9.812366e+002
8.941677e+001 5.529673e+001 -9.702163e+002
9.061505e+001 6.220332e+001 -9.745077e+002
8.686545e+001 6.815770e+001 -9.787551e+002
4.813968e+001 5.179205e+001 -9.846192e+002
4.819199e+001 5.864299e+001 -9.851546e+002
5.091208e+001 6.492357e+001 -9.857730e+002
8.971706e+001 5.271048e+001 -9.826298e+002
8.901295e+001 5.995301e+001 -9.838583e+002
8.634456e+001 6.683328e+001 -9.839150e+002
6.125923e+001 5.300027e+001 -1.009571e+003
5.869987e+001 5.829766e+001 -1.001318e+003
5.794623e+001 6.366117e+001 -9.927513e+002
7.646700e+001 5.328113e+001 -1.009281e+003
7.885497e+001 5.927855e+001 -1.000661e+003
7.902087e+001 6.521924e+001 -9.916794e+002
6.023166e+001 4.901923e+001 -1.018879e+003
6.589233e+001 4.450935e+001 -1.018158e+003
7.290520e+001 4.643901e+001 -1.018211e+003
7.907068e+001 5.000414e+001 -1.019686e+003
5.387605e+001 7.154877e+001 -9.547408e+002
6.250200e+001 7.670510e+001 -9.547081e+002
7.247114e+001 7.752570e+001 -9.537368e+002
8.163499e+001 7.340596e+001 -9.535241e+002
8.543017e+001 5.195475e+001 -9.958837e+002
7.595922e+001 5.327959e+001 -9.549662e+002
7.990321e+001 4.366657e+001 -9.733997e+002
7.954420e+001 4.181639e+001 -9.867338e+002
7.690685e+001 4.437104e+001 -9.986272e+002
7.281707e+001 4.925322e+001 -1.009916e+003
6.873698e+001 4.736496e+001 -9.652432e+002
6.838508e+001 4.136403e+001 -9.766042e+002
6.832636e+001 4.005151e+001 -9.878280e+002
6.865070e+001 4.355852e+001 -9.988608e+002
6.895552e+001 4.806821e+001 -1.010177e+003
6.089179e+001 5.240129e+001 -9.554091e+002
5.648795e+001 4.279475e+001 -9.741467e+002
5.647652e+001 4.085862e+001 -9.874708e+002
6.036101e+001 4.395118e+001 -9.992370e+002
6.501166e+001 4.902399e+001 -1.010062e+003
5.349036e+001 5.138172e+001 -9.970013e+002
