[individuals]
1
[dimensions]
3
[landmarks]
71
[rawpoints]
'#1
1.094734e+000 1.280256e+001 1.732982e+000
9.552629e+000 1.202471e+001 4.730669e+000
5.789848e+000 1.034268e+001 1.169094e+000
4.778335e+000 4.172239e+000 2.729462e+000
3.181520e+000 1.010687e+000 4.392300e+000
4.727173e+000 9.820800e-001 4.830328e+000
7.526409e+000 1.316656e+001 1.797260e+000
4.514390e+000 1.341544e+001 8.715970e-001
5.041990e+000 1.418763e+001 4.782437e+000
4.841383e+000 1.392655e+001 5.579936e+000
4.659448e+000 1.338863e+001 6.229572e+000
4.458894e+000 1.267134e+001 6.665137e+000
3.299255e+000 1.403712e+001 3.297910e+000
2.674889e+000 1.373797e+001 3.157883e+000
2.261723e+000 1.316887e+001 3.091931e+000
1.943399e+000 1.254411e+001 3.177347e+000
6.997790e+000 1.364784e+001 4.861140e+000
7.605833e+000 1.339616e+001 5.046191e+000
8.112261e+000 1.295122e+001 5.159773e+000
8.069700e+000 1.228188e+001 5.291962e+000
9.850001e-001 1.139574e+001 2.830927e+000
5.940143e-001 1.015018e+001 1.276586e+000
2.365021e+000 9.164122e+000 1.168172e+000
3.678459e+000 7.737606e+000 5.676540e-001
8.794601e+000 1.080991e+001 5.587790e+000
9.829193e+000 9.292918e+000 4.809512e+000
8.497927e+000 8.871167e+000 3.315743e+000
7.662596e+000 7.723646e+000 1.882645e+000
4.182377e-001 9.560442e+000 3.332664e+000
4.143903e-001 9.646257e+000 1.385674e+000
2.057583e+000 8.801318e+000 7.661871e-001
8.449278e+000 8.956525e+000 6.471197e+000
9.594197e+000 8.516203e+000 4.944027e+000
9.164052e+000 8.136036e+000 3.071152e+000
5.862465e-001 7.457335e+000 3.987853e+000
9.149691e-001 7.068875e+000 2.315725e+000
2.088817e+000 7.172728e+000 1.024781e+000
7.694618e+000 7.164544e+000 6.708830e+000
8.763444e+000 6.859170e+000 5.139089e+000
8.761418e+000 6.877959e+000 3.215708e+000
2.104400e+000 3.946117e+000 4.993895e+000
1.904539e+000 5.092263e+000 3.219993e+000
2.759546e+000 6.105789e+000 1.564183e+000
5.608547e+000 3.638356e+000 6.019974e+000
7.175642e+000 4.873143e+000 5.031211e+000
7.573599e+000 5.838512e+000 3.064483e+000
1.863501e+000 2.568852e+000 4.656237e+000
2.934693e+000 2.342240e+000 5.660111e+000
4.344532e+000 2.244302e+000 6.117619e+000
5.807845e+000 2.383537e+000 5.903116e+000
3.836852e+000 1.224807e+001 1.138924e+000
5.286033e+000 1.209365e+001 8.858728e-001
6.683399e+000 1.195269e+001 1.349998e+000
7.744928e+000 1.184407e+001 2.374325e+000
6.733742e+000 5.396589e+000 6.521615e+000
5.482495e+000 1.083681e+001 6.893538e+000
5.790947e+000 8.263330e+000 7.361720e+000
5.580235e+000 6.579818e+000 7.021100e+000
5.238807e+000 5.007020e+000 6.736026e+000
4.774578e+000 3.561752e+000 6.217940e+000
3.857228e+000 9.299067e+000 6.921900e+000
3.723833e+000 7.829904e+000 6.978487e+000
3.691131e+000 6.407095e+000 6.800787e+000
3.756152e+000 5.029342e+000 6.400633e+000
3.917056e+000 3.695037e+000 5.779029e+000
2.609597e+000 1.114739e+001 5.870915e+000
1.726952e+000 8.489258e+000 6.000412e+000
1.956179e+000 6.673934e+000 5.810256e+000
2.257848e+000 5.048576e+000 5.780921e+000
2.796930e+000 3.701305e+000 5.610343e+000
1.241825e+000 5.469760e+000 4.602008e+000
