[individuals]
1
[dimensions]
3
[landmarks]
71
[rawpoints]
'#1
6.607975e+001 4.498439e+001 -2.035878e+003
1.735706e+001 4.108202e+001 -2.035494e+003
4.128679e+001 5.919907e+001 -2.016154e+003
4.150218e+001 4.950748e+001 -1.978327e+003
5.072678e+001 3.604250e+001 -1.959756e+003
3.401559e+001 3.407214e+001 -1.960988e+003
5.053850e+001 6.484445e+001 -2.041202e+003
3.106779e+001 6.208603e+001 -2.041830e+003
4.201608e+001 4.198635e+001 -2.046279e+003
4.212499e+001 3.720139e+001 -2.046702e+003
4.223782e+001 3.245868e+001 -2.045940e+003
4.242429e+001 2.805042e+001 -2.044037e+003
5.395640e+001 3.804051e+001 -2.043938e+003
5.926096e+001 3.766270e+001 -2.042132e+003
6.484518e+001 3.777160e+001 -2.041541e+003
6.463887e+001 3.752808e+001 -2.035935e+003
3.073510e+001 3.652097e+001 -2.044378e+003
2.620494e+001 3.653325e+001 -2.043109e+003
2.152923e+001 3.620586e+001 -2.042711e+003
1.933873e+001 3.698247e+001 -2.038621e+003
6.465710e+001 3.457822e+001 -2.032302e+003
6.810448e+001 4.609433e+001 -2.020285e+003
6.352852e+001 5.945018e+001 -2.010816e+003
5.230782e+001 6.169644e+001 -1.998248e+003
2.062142e+001 3.232407e+001 -2.032729e+003
1.660248e+001 4.285910e+001 -2.021302e+003
1.891702e+001 5.658741e+001 -2.013308e+003
2.675215e+001 5.917976e+001 -1.999539e+003
7.032167e+001 3.094361e+001 -2.017868e+003
6.973874e+001 4.524851e+001 -2.012485e+003
6.514307e+001 5.821801e+001 -2.005804e+003
1.510753e+001 2.826373e+001 -2.018736e+003
1.384109e+001 4.093270e+001 -2.012693e+003
1.687587e+001 5.390509e+001 -2.008097e+003
6.718153e+001 3.111707e+001 -2.001987e+003
6.723313e+001 4.417605e+001 -1.998293e+003
6.483829e+001 5.724642e+001 -1.995534e+003
1.785663e+001 2.743904e+001 -2.004342e+003
1.702604e+001 3.839269e+001 -1.997084e+003
1.860127e+001 5.091337e+001 -1.993329e+003
5.459525e+001 3.711260e+001 -1.972435e+003
5.428202e+001 4.537774e+001 -1.981150e+003
5.199141e+001 5.243631e+001 -1.990599e+003
3.033477e+001 3.505120e+001 -1.973121e+003
2.489811e+001 4.030119e+001 -1.983338e+003
2.791449e+001 5.042591e+001 -1.990401e+003
5.510943e+001 3.504852e+001 -1.966758e+003
4.756939e+001 2.893563e+001 -1.965704e+003
3.780709e+001 2.890524e+001 -1.965868e+003
2.906568e+001 3.310168e+001 -1.967014e+003
5.725338e+001 5.589417e+001 -2.030106e+003
4.704677e+001 6.172408e+001 -2.030064e+003
3.536928e+001 6.117163e+001 -2.028839e+003
2.592388e+001 5.428926e+001 -2.030098e+003
2.357614e+001 2.742031e+001 -1.986833e+003
3.272711e+001 2.678105e+001 -2.034860e+003
3.069661e+001 1.788686e+001 -2.013848e+003
3.140979e+001 1.573269e+001 -1.998261e+003
3.356456e+001 1.998244e+001 -1.983762e+003
3.657402e+001 2.983017e+001 -1.971066e+003
4.339601e+001 2.000666e+001 -2.024556e+003
4.442503e+001 1.332319e+001 -2.010313e+003
4.444358e+001 1.399695e+001 -1.995975e+003
4.401160e+001 1.856535e+001 -1.982903e+003
4.259892e+001 2.953332e+001 -1.971174e+003
5.262783e+001 2.754976e+001 -2.034826e+003
5.691189e+001 1.914091e+001 -2.013307e+003
5.605752e+001 1.915649e+001 -1.997165e+003
5.297544e+001 2.347394e+001 -1.983232e+003
4.949038e+001 3.109185e+001 -1.970539e+003
6.080874e+001 3.359193e+001 -1.985958e+003
