[individuals]
1
[dimensions]
3
[landmarks]
71
[rawpoints]
'#1
8.672589e+001 4.099645e+001 -1.245041e+003
3.474639e+001 4.007013e+001 -1.246207e+003
6.019967e+001 5.199653e+001 -1.225227e+003
5.908689e+001 3.427328e+001 -1.191744e+003
6.776784e+001 1.110487e+001 -1.179665e+003
4.613645e+001 1.315646e+001 -1.180444e+003
7.001125e+001 5.852474e+001 -1.250919e+003
5.131412e+001 5.895360e+001 -1.249765e+003
5.993190e+001 4.558519e+001 -1.257964e+003
5.881285e+001 3.854031e+001 -1.262630e+003
5.843822e+001 3.007763e+001 -1.263573e+003
5.835715e+001 2.329389e+001 -1.258414e+003
7.115291e+001 3.783209e+001 -1.260524e+003
7.766060e+001 3.797184e+001 -1.260117e+003
8.374229e+001 3.803630e+001 -1.257763e+003
8.647399e+001 3.572630e+001 -1.252310e+003
4.519036e+001 3.424664e+001 -1.262187e+003
4.055030e+001 3.749098e+001 -1.261428e+003
3.755794e+001 3.973717e+001 -1.257111e+003
3.700979e+001 3.907480e+001 -1.251464e+003
8.221922e+001 3.224384e+001 -1.248033e+003
8.783548e+001 4.065630e+001 -1.235469e+003
8.128452e+001 4.984282e+001 -1.223943e+003
7.338402e+001 4.877808e+001 -1.209920e+003
3.919550e+001 3.188830e+001 -1.249325e+003
2.826037e+001 3.610967e+001 -1.235234e+003
3.345797e+001 4.954445e+001 -1.223901e+003
4.639988e+001 4.929054e+001 -1.210925e+003
8.641546e+001 2.454118e+001 -1.234701e+003
9.176141e+001 3.841727e+001 -1.229947e+003
8.438878e+001 4.886744e+001 -1.220993e+003
3.146664e+001 2.236777e+001 -1.233570e+003
2.579397e+001 3.391129e+001 -1.223914e+003
3.204368e+001 4.749089e+001 -1.217931e+003
8.628457e+001 1.830046e+001 -1.220803e+003
9.107462e+001 3.101098e+001 -1.216124e+003
8.659558e+001 4.313665e+001 -1.209857e+003
3.037463e+001 1.753417e+001 -1.217652e+003
3.013586e+001 3.055667e+001 -1.211564e+003
3.821848e+001 3.971949e+001 -1.203986e+003
7.257524e+001 1.218260e+001 -1.189908e+003
7.515544e+001 2.588180e+001 -1.197252e+003
7.299586e+001 4.171156e+001 -1.196221e+003
4.164513e+001 1.243295e+001 -1.191359e+003
4.257733e+001 2.716247e+001 -1.197230e+003
4.543893e+001 4.276812e+001 -1.196475e+003
7.356650e+001 1.208495e+001 -1.185845e+003
6.228110e+001 7.847398e+000 -1.186251e+003
5.024071e+001 7.136425e+000 -1.186314e+003
4.171818e+001 1.564294e+001 -1.185620e+003
7.650264e+001 5.137556e+001 -1.241817e+003
6.663654e+001 5.762185e+001 -1.239341e+003
5.471269e+001 5.809774e+001 -1.239658e+003
4.438226e+001 5.263235e+001 -1.242087e+003
3.728149e+001 1.726248e+001 -1.204798e+003
5.101189e+001 2.672856e+001 -1.250074e+003
4.392470e+001 9.952341e+000 -1.230703e+003
4.367021e+001 6.959332e+000 -1.215364e+003
4.550679e+001 5.851295e+000 -1.202168e+003
4.888482e+001 8.264093e+000 -1.190545e+003
5.849426e+001 1.555676e+001 -1.238763e+003
5.806542e+001 6.228274e+000 -1.227640e+003
5.779501e+001 4.547702e+000 -1.215171e+003
5.768299e+001 7.249807e+000 -1.202466e+003
5.772940e+001 9.677086e+000 -1.189635e+003
6.775652e+001 2.601923e+001 -1.249763e+003
7.237951e+001 1.120807e+001 -1.231411e+003
7.306570e+001 4.960093e+000 -1.217421e+003
7.087202e+001 4.547093e+000 -1.203863e+003
6.709142e+001 5.749676e+000 -1.192356e+003
8.218236e+001 1.295135e+001 -1.206129e+003
