[individuals]
1
[dimensions]
3
[landmarks]
71
[rawpoints]
'#1
4.156015e+001 2.058361e+002 2.842549e+001
8.421737e+001 2.056760e+002 2.683478e+001
6.244074e+001 1.923053e+002 1.657112e+001
6.329969e+001 1.565766e+002 2.980630e+001
5.551656e+001 1.404570e+002 4.218639e+001
6.819257e+001 1.401624e+002 4.212027e+001
5.556844e+001 2.117379e+002 1.300149e+001
7.015018e+001 2.132268e+002 1.271340e+001
6.279162e+001 2.178487e+002 3.029950e+001
6.329749e+001 2.176119e+002 3.518032e+001
6.360154e+001 2.175421e+002 4.008309e+001
6.432835e+001 2.157213e+002 4.458757e+001
5.192697e+001 2.134318e+002 3.307007e+001
4.824177e+001 2.132598e+002 3.246920e+001
4.662290e+001 2.100977e+002 3.129464e+001
4.634940e+001 2.066437e+002 2.988858e+001
7.375877e+001 2.136268e+002 3.082734e+001
7.839191e+001 2.135955e+002 3.036066e+001
8.117925e+001 2.099151e+002 2.974626e+001
8.013830e+001 2.054470e+002 2.894682e+001
4.214393e+001 2.017830e+002 3.339371e+001
3.887215e+001 1.936032e+002 2.685700e+001
4.452248e+001 1.872760e+002 1.990125e+001
5.152276e+001 1.789413e+002 1.853497e+001
8.172762e+001 2.035665e+002 3.252631e+001
8.256609e+001 1.966891e+002 2.473418e+001
7.778474e+001 1.885866e+002 2.023871e+001
7.332845e+001 1.793039e+002 1.859535e+001
4.019711e+001 1.897870e+002 3.595771e+001
3.992137e+001 1.857495e+002 2.784406e+001
4.334635e+001 1.825388e+002 2.008684e+001
8.540147e+001 1.931423e+002 3.801264e+001
8.675506e+001 1.879473e+002 2.891521e+001
8.234793e+001 1.846453e+002 1.990035e+001
4.286610e+001 1.782807e+002 3.735214e+001
4.136451e+001 1.777440e+002 2.933648e+001
4.419690e+001 1.771658e+002 2.169231e+001
8.385743e+001 1.820529e+002 4.045435e+001
8.482149e+001 1.792252e+002 3.128872e+001
8.232118e+001 1.786115e+002 2.199865e+001
5.706530e+001 1.541015e+002 3.736961e+001
5.549057e+001 1.624633e+002 3.110159e+001
5.369458e+001 1.710910e+002 2.526878e+001
6.771075e+001 1.544672e+002 3.859799e+001
7.028458e+001 1.626208e+002 3.196571e+001
7.123045e+001 1.712769e+002 2.554197e+001
5.291200e+001 1.458790e+002 4.020749e+001
5.664421e+001 1.448929e+002 4.651070e+001
6.368237e+001 1.449378e+002 4.422635e+001
7.094859e+001 1.463030e+002 4.396612e+001
5.111891e+001 2.021769e+002 2.002911e+001
5.800958e+001 2.015612e+002 1.487022e+001
6.661952e+001 2.011962e+002 1.441202e+001
7.378194e+001 2.016876e+002 1.920042e+001
7.815697e+001 1.692335e+002 4.063094e+001
7.101645e+001 2.040745e+002 3.820092e+001
7.541355e+001 1.872507e+002 4.883800e+001
7.386638e+001 1.755255e+002 4.881056e+001
6.995684e+001 1.649307e+002 4.603112e+001
6.521095e+001 1.539120e+002 4.216911e+001
6.301177e+001 1.933991e+002 4.724900e+001
6.302716e+001 1.835890e+002 5.265683e+001
6.314125e+001 1.731186e+002 5.008325e+001
6.272855e+001 1.640835e+002 4.554922e+001
6.272399e+001 1.536470e+002 4.328763e+001
5.628863e+001 2.039978e+002 3.908844e+001
4.975275e+001 1.857912e+002 4.967597e+001
5.194749e+001 1.736047e+002 4.864596e+001
5.578946e+001 1.632121e+002 4.491452e+001
5.980015e+001 1.536312e+002 4.224067e+001
5.039244e+001 1.666428e+002 3.576876e+001
