[individuals]
1
[dimensions]
3
[landmarks]
71
[rawpoints]
'#1
1.113972e+01 6.926672e+01 1.743558e+01
3.422727e+01 6.992303e+01 1.662671e+01
2.273811e+01 6.197514e+01 1.325061e+01
2.326218e+01 4.647918e+01 2.312092e+01
2.106359e+01 3.744540e+01 3.220152e+01
2.609612e+01 3.767392e+01 3.217736e+01
1.793047e+01 6.902302e+01 1.024330e+01
2.712219e+01 6.946136e+01 1.001902e+01
2.275104e+01 7.611686e+01 1.521409e+01
2.289624e+01 7.771064e+01 1.862713e+01
2.294338e+01 7.655151e+01 2.221396e+01
2.295488e+01 7.396210e+01 2.495336e+01
1.669634e+01 7.610667e+01 1.779380e+01
1.440888e+01 7.466501e+01 1.776222e+01
1.324100e+01 7.222649e+01 1.780523e+01
1.285956e+01 6.956252e+01 1.806980e+01
2.839843e+01 7.617972e+01 1.787013e+01
3.057124e+01 7.513359e+01 1.757902e+01
3.171312e+01 7.299207e+01 1.747635e+01
3.230869e+01 7.064344e+01 1.764755e+01
1.523542e+01 6.713824e+01 2.013757e+01
1.351642e+01 6.221970e+01 1.699801e+01
1.529395e+01 5.679734e+01 1.489112e+01
1.938293e+01 5.238847e+01 1.581063e+01
3.062730e+01 6.819913e+01 2.089618e+01
3.368415e+01 6.305931e+01 1.698827e+01
3.097458e+01 5.681804e+01 1.481267e+01
2.507321e+01 5.358724e+01 1.721702e+01
1.025613e+01 6.177847e+01 2.295770e+01
1.044572e+01 5.702646e+01 2.001873e+01
1.421590e+01 5.399441e+01 1.721731e+01
3.450519e+01 6.456566e+01 2.417369e+01
3.626877e+01 5.900241e+01 2.022334e+01
3.192482e+01 5.500558e+01 1.637324e+01
1.226664e+01 5.599498e+01 2.717707e+01
1.253621e+01 5.354287e+01 2.274162e+01
1.536361e+01 5.188229e+01 1.886788e+01
3.439268e+01 5.904563e+01 2.654003e+01
3.473576e+01 5.542078e+01 2.157388e+01
3.122076e+01 5.332985e+01 1.697096e+01
2.081072e+01 4.372223e+01 3.220699e+01
1.890326e+01 4.627845e+01 2.676830e+01
1.959119e+01 4.899465e+01 2.112004e+01
2.602604e+01 4.393581e+01 3.238308e+01
3.020597e+01 4.820660e+01 2.849979e+01
2.926826e+01 4.989604e+01 2.164023e+01
1.960533e+01 4.051471e+01 3.138579e+01
2.174517e+01 4.087824e+01 3.347246e+01
2.474620e+01 4.109054e+01 3.358975e+01
2.714173e+01 4.098104e+01 3.176930e+01
1.655094e+01 6.576727e+01 1.380037e+01
2.021279e+01 6.466143e+01 1.160367e+01
2.461783e+01 6.479430e+01 1.141594e+01
2.832609e+01 6.628358e+01 1.328398e+01
3.177477e+01 5.196012e+01 2.894237e+01
2.648346e+01 6.916972e+01 2.209816e+01
2.960527e+01 6.348791e+01 3.022714e+01
2.914659e+01 5.706934e+01 3.250289e+01
2.767360e+01 5.071407e+01 3.338752e+01
2.497587e+01 4.405192e+01 3.331206e+01
2.300113e+01 6.599927e+01 2.847829e+01
2.317274e+01 6.119332e+01 3.210144e+01
2.336334e+01 5.579413e+01 3.387476e+01
2.370139e+01 5.008899e+01 3.379329e+01
2.374282e+01 4.404573e+01 3.351654e+01
1.891559e+01 6.886629e+01 2.216285e+01
1.604865e+01 6.188782e+01 3.062224e+01
1.734737e+01 5.557432e+01 3.290202e+01
1.951362e+01 4.961843e+01 3.393468e+01
2.217991e+01 4.392913e+01 3.340968e+01
1.619460e+01 4.982637e+01 3.097562e+01
