[individuals]
1
[dimensions]
3
[landmarks]
71
[rawpoints]
'#1
4.134253e+000 6.894276e+001 1.353480e+001
2.676768e+001 6.872856e+001 1.335786e+001
1.554945e+001 6.143814e+001 7.473740e+000
1.626718e+001 3.914630e+001 1.492311e+001
1.460266e+001 3.032665e+001 2.155379e+001
1.878538e+001 3.082488e+001 2.121075e+001
1.056207e+001 7.022435e+001 6.869667e+000
1.968688e+001 7.004991e+001 6.334049e+000
1.511521e+001 7.435561e+001 1.352888e+001
1.520210e+001 7.446134e+001 1.694407e+001
1.547753e+001 7.257277e+001 1.977948e+001
1.576801e+001 6.998256e+001 2.199073e+001
1.062689e+001 7.356891e+001 1.606901e+001
8.515920e+000 7.263181e+001 1.584211e+001
7.539244e+000 7.052705e+001 1.588535e+001
6.392960e+000 6.851688e+001 1.606214e+001
2.078393e+001 7.425240e+001 1.588903e+001
2.241858e+001 7.287625e+001 1.560145e+001
2.344651e+001 7.099685e+001 1.535696e+001
2.448070e+001 6.912086e+001 1.511244e+001
7.398232e+000 6.517461e+001 1.816366e+001
5.574599e+000 6.127698e+001 1.352646e+001
8.116967e+000 5.736443e+001 9.254377e+000
1.215245e+001 5.272299e+001 7.772629e+000
2.331934e+001 6.552295e+001 1.693972e+001
2.723314e+001 6.131667e+001 1.343501e+001
2.422491e+001 5.733920e+001 8.916138e+000
1.940866e+001 5.280257e+001 7.684608e+000
4.561268e+000 5.905968e+001 2.026483e+001
3.006100e+000 5.643870e+001 1.465530e+001
6.419411e+000 5.496344e+001 9.465867e+000
2.763148e+001 5.823401e+001 1.966242e+001
2.868425e+001 5.614566e+001 1.392580e+001
2.521873e+001 5.443435e+001 9.084030e+000
5.655586e+000 5.200240e+001 2.147069e+001
4.312164e+000 5.143955e+001 1.558874e+001
6.558484e+000 5.200505e+001 9.988918e+000
2.650186e+001 5.094837e+001 2.057119e+001
2.753128e+001 5.093890e+001 1.474214e+001
2.496420e+001 5.183777e+001 9.484753e+000
1.385879e+001 3.739037e+001 2.068709e+001
1.094954e+001 4.229966e+001 1.674152e+001
1.138661e+001 4.707484e+001 1.172790e+001
1.893060e+001 3.758656e+001 2.061585e+001
2.116673e+001 4.226672e+001 1.614129e+001
2.076379e+001 4.724512e+001 1.145308e+001
1.218315e+001 3.381041e+001 2.166171e+001
1.473395e+001 3.431926e+001 2.345029e+001
1.789041e+001 3.429968e+001 2.340337e+001
2.066665e+001 3.362054e+001 2.206315e+001
9.533014e+000 6.537907e+001 9.342651e+000
1.316163e+001 6.427999e+001 6.636533e+000
1.781792e+001 6.425162e+001 6.496950e+000
2.143232e+001 6.597688e+001 8.875481e+000
2.364988e+001 4.357890e+001 2.049588e+001
1.907023e+001 6.712327e+001 1.983178e+001
2.251661e+001 5.655474e+001 2.581587e+001
2.186101e+001 4.926883e+001 2.581355e+001
2.043657e+001 4.274765e+001 2.488207e+001
1.789010e+001 3.715014e+001 2.260806e+001
1.628411e+001 6.139239e+001 2.453887e+001
1.631841e+001 5.521631e+001 2.683895e+001
1.637101e+001 4.906387e+001 2.702927e+001
1.644189e+001 4.315009e+001 2.505819e+001
1.653107e+001 3.700302e+001 2.298975e+001
1.279492e+001 6.721445e+001 2.042646e+001
1.031498e+001 5.702568e+001 2.583047e+001
1.087882e+001 4.985120e+001 2.613002e+001
1.250363e+001 4.321079e+001 2.508364e+001
1.504414e+001 3.709402e+001 2.280210e+001
8.561474e+000 4.437996e+001 2.175406e+001
