[individuals]
1
[dimensions]
3
[landmarks]
71
[rawpoints]
'#1
-1.741186e+001 9.016570e+001 -8.723207e+002
2.272969e+001 9.096342e+001 -8.722468e+002
2.341753e+000 7.281577e+001 -8.798035e+002
1.225098e+000 4.025848e+001 -8.617454e+002
-6.721778e+000 2.919864e+001 -8.448990e+002
8.221714e+000 2.915170e+001 -8.443250e+002
-9.877081e+000 9.176086e+001 -8.845650e+002
1.376563e+001 9.093689e+001 -8.846519e+002
2.646113e+000 1.022866e+002 -8.722659e+002
2.664811e+000 1.041132e+002 -8.660425e+002
2.783615e+000 1.021561e+002 -8.598600e+002
2.773095e+000 9.883396e+001 -8.542896e+002
-7.366384e+000 1.016111e+002 -8.635019e+002
-1.244702e+001 1.013154e+002 -8.656532e+002
-1.716047e+001 9.915376e+001 -8.675613e+002
-1.729174e+001 9.366393e+001 -8.669520e+002
1.402837e+001 1.007208e+002 -8.650228e+002
1.961107e+001 9.974690e+001 -8.662292e+002
2.392999e+001 9.588489e+001 -8.661796e+002
2.079605e+001 9.101223e+001 -8.661559e+002
-1.909742e+001 8.624506e+001 -8.653110e+002
-2.181747e+001 7.789793e+001 -8.701733e+002
-1.718624e+001 7.050397e+001 -8.751342e+002
-1.118496e+001 6.265923e+001 -8.769125e+002
2.381182e+001 8.537706e+001 -8.672662e+002
2.581689e+001 7.647210e+001 -8.707369e+002
2.191275e+001 6.888768e+001 -8.754914e+002
1.631631e+001 6.090728e+001 -8.760878e+002
-2.363444e+001 7.383740e+001 -8.582178e+002
-2.308192e+001 6.935513e+001 -8.662369e+002
-1.945736e+001 6.515072e+001 -8.736678e+002
2.723464e+001 7.363730e+001 -8.605413e+002
2.649261e+001 6.846082e+001 -8.672139e+002
2.396570e+001 6.375444e+001 -8.738068e+002
-2.300462e+001 6.124013e+001 -8.539717e+002
-2.114397e+001 6.123377e+001 -8.629207e+002
-1.838465e+001 6.073597e+001 -8.716201e+002
2.592590e+001 6.222926e+001 -8.564891e+002
2.422111e+001 6.075739e+001 -8.638052e+002
2.191069e+001 5.964383e+001 -8.710179e+002
-8.325071e+000 3.779830e+001 -8.530457e+002
-1.214119e+001 4.587619e+001 -8.606481e+002
-1.106163e+001 5.377261e+001 -8.692554e+002
1.197360e+001 3.767641e+001 -8.525718e+002
1.420816e+001 4.544321e+001 -8.602684e+002
1.435079e+001 5.359989e+001 -8.678840e+002
-9.477254e+000 3.259430e+001 -8.487498e+002
-1.938407e+000 3.323204e+001 -8.455770e+002
6.264577e+000 3.334844e+001 -8.455585e+002
1.311499e+001 3.334840e+001 -8.500723e+002
-1.184732e+001 8.653287e+001 -8.798397e+002
-3.162022e+000 8.429709e+001 -8.832855e+002
6.438545e+000 8.399209e+001 -8.835006e+002
1.568437e+001 8.424034e+001 -8.809006e+002
2.120626e+001 5.028764e+001 -8.535874e+002
9.678375e+000 8.933813e+001 -8.565619e+002
1.548114e+001 7.120595e+001 -8.451596e+002
1.375240e+001 5.881681e+001 -8.458946e+002
1.172037e+001 4.790804e+001 -8.452499e+002
7.446139e+000 3.819101e+001 -8.472520e+002
2.464406e+000 7.686297e+001 -8.465343e+002
1.586126e+000 6.732359e+001 -8.426520e+002
1.254360e+000 5.759957e+001 -8.424686e+002
1.258253e+000 4.809393e+001 -8.443453e+002
1.819819e+000 3.840868e+001 -8.466637e+002
-5.189575e+000 8.962625e+001 -8.562748e+002
-1.187010e+001 7.128828e+001 -8.450975e+002
-1.090101e+001 5.838423e+001 -8.450684e+002
-7.973398e+000 4.763765e+001 -8.461699e+002
-3.349529e+000 3.820411e+001 -8.480243e+002
-1.720225e+001 4.903040e+001 -8.524854e+002
