[individuals]
1
[dimensions]
3
[landmarks]
71
[rawpoints]
'#1
2.151534e+001 1.553862e+002 1.752400e+001
5.635388e+001 1.564496e+002 1.885771e+001
3.944751e+001 1.372887e+002 1.512121e+001
3.923357e+001 1.107055e+002 3.589939e+001
3.306969e+001 1.022934e+002 5.240275e+001
4.683072e+001 1.036938e+002 5.292611e+001
2.869819e+001 1.540464e+002 8.011742e+000
4.867522e+001 1.541624e+002 8.088303e+000
3.958346e+001 1.652386e+002 1.983110e+001
3.931725e+001 1.670013e+002 2.528649e+001
3.905797e+001 1.670770e+002 3.101939e+001
3.867424e+001 1.642759e+002 3.601391e+001
2.670541e+001 1.656277e+002 2.542492e+001
2.241167e+001 1.644115e+002 2.292016e+001
1.836861e+001 1.617043e+002 2.133471e+001
2.042005e+001 1.571969e+002 2.261095e+001
4.835112e+001 1.661364e+002 2.791383e+001
5.388725e+001 1.652275e+002 2.586794e+001
5.888692e+001 1.621652e+002 2.473508e+001
5.665470e+001 1.568639e+002 2.312834e+001
1.809536e+001 1.568904e+002 2.834450e+001
1.629497e+001 1.467680e+002 2.294218e+001
1.986244e+001 1.361742e+002 1.978900e+001
2.657721e+001 1.267362e+002 2.064267e+001
5.780564e+001 1.580618e+002 2.819785e+001
6.184906e+001 1.466333e+002 2.543531e+001
5.815526e+001 1.358533e+002 2.046004e+001
5.030109e+001 1.262537e+002 2.132591e+001
1.497546e+001 1.474259e+002 3.574913e+001
1.406100e+001 1.413638e+002 2.690588e+001
1.777770e+001 1.328796e+002 2.142756e+001
6.267186e+001 1.463945e+002 3.611334e+001
6.372652e+001 1.391131e+002 2.874858e+001
5.892382e+001 1.318133e+002 2.308950e+001
1.586405e+001 1.355374e+002 4.262524e+001
1.465512e+001 1.306471e+002 3.457451e+001
1.973830e+001 1.275242e+002 2.718509e+001
6.176171e+001 1.347198e+002 4.303998e+001
6.122304e+001 1.298202e+002 3.526753e+001
5.708022e+001 1.271924e+002 2.748015e+001
3.162848e+001 1.106214e+002 4.729229e+001
2.874014e+001 1.157120e+002 3.848846e+001
2.838856e+001 1.214673e+002 2.962730e+001
4.710328e+001 1.113660e+002 4.687032e+001
4.955507e+001 1.161124e+002 3.843936e+001
4.919556e+001 1.212770e+002 2.990644e+001
2.892039e+001 1.054240e+002 4.973086e+001
3.585904e+001 1.071525e+002 5.214280e+001
4.340210e+001 1.073839e+002 5.220967e+001
5.029115e+001 1.061200e+002 4.939944e+001
2.603914e+001 1.498738e+002 1.420632e+001
3.410802e+001 1.481556e+002 9.667548e+000
4.350920e+001 1.478905e+002 1.012088e+001
5.174160e+001 1.498126e+002 1.426727e+001
5.606530e+001 1.231123e+002 4.687775e+001
4.426334e+001 1.596177e+002 3.579085e+001
4.999531e+001 1.447505e+002 4.743288e+001
4.991154e+001 1.326444e+002 5.145436e+001
4.692091e+001 1.215132e+002 5.176770e+001
4.223095e+001 1.107313e+002 5.169419e+001
3.762264e+001 1.513097e+002 4.395844e+001
3.800668e+001 1.419564e+002 5.047741e+001
3.824534e+001 1.320582e+002 5.401670e+001
3.827711e+001 1.216405e+002 5.487745e+001
3.828192e+001 1.106425e+002 5.218608e+001
3.064202e+001 1.593471e+002 3.550004e+001
2.610830e+001 1.459097e+002 4.753820e+001
2.662057e+001 1.333340e+002 5.188531e+001
2.980452e+001 1.215592e+002 5.241766e+001
3.475402e+001 1.105555e+002 5.096587e+001
2.160054e+001 1.227615e+002 4.648580e+001
