[individuals]
1
[dimensions]
3
[landmarks]
71
[rawpoints]
'#1
-1.903560e+001 9.298588e+001 -1.293862e+003
1.552823e+001 9.448599e+001 -1.293638e+003
-2.128374e+000 7.745367e+001 -1.297212e+003
-1.285460e+000 4.665410e+001 -1.277198e+003
-7.734950e+000 3.472307e+001 -1.261929e+003
6.511400e+000 3.583367e+001 -1.261247e+003
-1.212223e+001 9.178712e+001 -1.301947e+003
8.828256e+000 9.284162e+001 -1.302101e+003
-1.087430e+000 1.016856e+002 -1.291558e+003
-3.980723e-001 1.028047e+002 -1.283924e+003
3.030011e-001 1.026509e+002 -1.276211e+003
2.339970e-001 9.611860e+001 -1.272048e+003
-1.266288e+001 1.024643e+002 -1.282685e+003
-1.780953e+001 1.013594e+002 -1.284363e+003
-2.234551e+001 9.859188e+001 -1.285862e+003
-2.098846e+001 9.334288e+001 -1.284774e+003
9.280790e+000 1.028871e+002 -1.282422e+003
1.353782e+001 1.030268e+002 -1.283745e+003
1.690697e+001 1.001881e+002 -1.284445e+003
1.724712e+001 9.595849e+001 -1.285808e+003
-2.246636e+001 8.729222e+001 -1.279246e+003
-2.451968e+001 8.055672e+001 -1.285478e+003
-1.977588e+001 7.353806e+001 -1.289561e+003
-1.464427e+001 6.596363e+001 -1.291735e+003
1.936942e+001 8.718930e+001 -1.279086e+003
2.193058e+001 7.941083e+001 -1.284759e+003
1.945399e+001 7.115831e+001 -1.289762e+003
1.208624e+001 6.452351e+001 -1.290734e+003
-2.614400e+001 7.910576e+001 -1.273829e+003
-2.612701e+001 7.473248e+001 -1.281930e+003
-2.224383e+001 7.043382e+001 -1.289086e+003
2.349620e+001 7.845909e+001 -1.274068e+003
2.307813e+001 7.314159e+001 -1.281449e+003
2.021490e+001 6.777630e+001 -1.288228e+003
-2.675337e+001 6.790089e+001 -1.268771e+003
-2.503047e+001 6.650400e+001 -1.277684e+003
-2.196301e+001 6.517462e+001 -1.286240e+003
2.283275e+001 6.611488e+001 -1.270119e+003
2.140635e+001 6.519297e+001 -1.278093e+003
1.841080e+001 6.414555e+001 -1.285603e+003
-1.112546e+001 4.310378e+001 -1.268145e+003
-1.343546e+001 5.056003e+001 -1.275984e+003
-1.325357e+001 5.846844e+001 -1.283718e+003
8.583732e+000 4.435368e+001 -1.267260e+003
1.172141e+001 5.036102e+001 -1.275377e+003
1.042464e+001 5.797728e+001 -1.282597e+003
-1.104222e+001 3.805579e+001 -1.264857e+003
-4.362920e+000 4.054980e+001 -1.260563e+003
3.928635e+000 4.133128e+001 -1.260675e+003
9.831394e+000 3.901452e+001 -1.266074e+003
-1.373608e+001 8.637656e+001 -1.296785e+003
-6.104796e+000 8.460402e+001 -1.300152e+003
2.412638e+000 8.438857e+001 -1.300508e+003
9.982918e+000 8.705627e+001 -1.297629e+003
1.752116e+001 5.364908e+001 -1.267711e+003
7.533810e+000 9.146207e+001 -1.273487e+003
1.282307e+001 7.545657e+001 -1.261611e+003
1.244030e+001 6.355004e+001 -1.260059e+003
8.945330e+000 5.335823e+001 -1.261003e+003
4.021406e+000 4.526727e+001 -1.262928e+003
-1.592443e+000 8.033717e+001 -1.263209e+003
-1.165696e+000 7.163376e+001 -1.259973e+003
-7.995214e-001 6.281126e+001 -1.258621e+003
-5.625119e-001 5.404033e+001 -1.259534e+003
-2.518766e-001 4.497665e+001 -1.261032e+003
-8.298483e+000 9.152900e+001 -1.273019e+003
-1.465745e+001 7.609255e+001 -1.261419e+003
-1.459675e+001 6.431644e+001 -1.258950e+003
-1.087727e+001 5.401654e+001 -1.260504e+003
-5.497144e+000 4.426312e+001 -1.262670e+003
-2.155802e+001 5.569057e+001 -1.266781e+003
