[individuals]
1
[dimensions]
3
[landmarks]
71
[rawpoints]
'#1
5.626571e+000 1.291535e+002 2.006060e+001
4.206400e+001 1.295075e+002 2.043089e+001
2.307320e+001 1.113768e+002 9.958576e+000
2.241373e+001 8.576883e+001 2.848952e+001
1.823506e+001 7.429321e+001 4.249459e+001
2.656297e+001 7.500595e+001 4.278909e+001
1.564910e+001 1.274245e+002 5.236954e+000
3.174081e+001 1.272646e+002 6.151199e+000
2.378473e+001 1.381589e+002 1.526262e+001
2.368059e+001 1.392227e+002 2.000184e+001
2.360491e+001 1.390167e+002 2.485501e+001
2.346409e+001 1.362588e+002 2.885195e+001
1.632594e+001 1.386049e+002 2.265660e+001
1.312443e+001 1.367480e+002 2.110988e+001
1.069444e+001 1.337501e+002 2.001579e+001
9.631973e+000 1.299109e+002 2.048758e+001
3.208519e+001 1.379716e+002 2.308307e+001
3.491786e+001 1.358168e+002 2.243205e+001
3.724339e+001 1.330761e+002 2.201847e+001
3.835954e+001 1.296361e+002 2.190793e+001
7.973351e+000 1.263661e+002 2.562136e+001
6.822917e+000 1.186389e+002 1.690289e+001
1.420506e+001 1.107880e+002 1.232965e+001
1.738523e+001 9.952322e+001 1.212179e+001
3.928041e+001 1.265249e+002 2.742908e+001
4.244517e+001 1.159366e+002 2.127204e+001
3.737851e+001 1.088172e+002 1.212457e+001
2.830299e+001 1.000425e+002 1.130405e+001
7.282288e+000 1.171176e+002 3.362643e+001
3.867764e+000 1.090022e+002 2.520887e+001
7.592389e+000 1.065518e+002 1.387352e+001
4.009966e+001 1.172192e+002 3.398018e+001
4.281270e+001 1.099373e+002 2.483324e+001
3.854908e+001 1.053582e+002 1.459089e+001
9.660786e+000 1.071102e+002 3.819708e+001
5.793315e+000 1.028709e+002 2.780095e+001
6.403768e+000 1.018691e+002 1.598365e+001
3.748510e+001 1.058439e+002 3.705077e+001
4.052939e+001 1.030263e+002 2.643682e+001
3.891841e+001 1.007750e+002 1.538265e+001
1.537588e+001 8.180622e+001 4.020840e+001
1.384634e+001 8.878297e+001 3.148772e+001
1.611208e+001 9.320705e+001 2.137051e+001
2.935714e+001 8.180244e+001 4.029068e+001
3.134850e+001 8.860799e+001 3.112868e+001
2.913693e+001 9.368083e+001 2.095053e+001
1.415190e+001 8.004486e+001 4.151591e+001
1.956437e+001 8.042785e+001 4.322571e+001
2.524742e+001 8.024434e+001 4.341154e+001
3.048494e+001 8.000636e+001 4.120322e+001
1.329878e+001 1.237811e+002 1.205297e+001
1.917609e+001 1.210899e+002 5.887870e+000
2.810464e+001 1.213281e+002 6.060393e+000
3.401187e+001 1.237844e+002 1.229456e+001
3.308250e+001 9.364583e+001 3.848233e+001
2.819636e+001 1.335366e+002 2.752345e+001
3.121588e+001 1.186468e+002 3.962264e+001
3.056432e+001 1.056481e+002 4.293625e+001
2.822963e+001 9.328003e+001 4.316868e+001
2.599291e+001 8.175088e+001 4.242939e+001
2.307782e+001 1.274837e+002 3.445578e+001
2.295592e+001 1.172573e+002 4.138768e+001
2.290518e+001 1.055558e+002 4.390398e+001
2.263098e+001 9.385153e+001 4.439764e+001
2.223847e+001 8.166692e+001 4.230340e+001
1.882971e+001 1.329571e+002 2.751713e+001
1.527506e+001 1.186037e+002 3.927567e+001
1.584704e+001 1.062234e+002 4.319730e+001
1.729390e+001 9.410378e+001 4.363004e+001
1.854276e+001 8.175397e+001 4.240245e+001
1.225322e+001 9.613577e+001 4.115919e+001
