[individuals]
1
[dimensions]
3
[landmarks]
71
[rawpoints]
'#1
3.585256e+000 2.309993e+001 5.675526e+000
2.196327e+001 2.173819e+001 7.104717e+000
1.272713e+001 1.853629e+001 2.798122e+000
1.163143e+001 8.369314e+000 5.191710e+000
8.709215e+000 1.839495e+000 1.008551e+001
1.294969e+001 1.893875e+000 9.463303e+000
9.858803e+000 2.412797e+001 2.046577e+000
1.660646e+001 2.351762e+001 2.314262e+000
1.255292e+001 2.662118e+001 8.985037e+000
1.236662e+001 2.610421e+001 1.103208e+001
1.219132e+001 2.513697e+001 1.290987e+001
1.199382e+001 2.372215e+001 1.447560e+001
7.507010e+000 2.587217e+001 8.142656e+000
6.384225e+000 2.549220e+001 7.462685e+000
5.685021e+000 2.450766e+001 6.822971e+000
5.384462e+000 2.317468e+001 6.809654e+000
1.749212e+001 2.504506e+001 9.160805e+000
1.879850e+001 2.456959e+001 8.582136e+000
1.984653e+001 2.361279e+001 8.072774e+000
1.969606e+001 2.211708e+001 8.122505e+000
3.999407e+000 2.115454e+001 8.076065e+000
2.728851e+000 1.981194e+001 4.313441e+000
5.812255e+000 1.744910e+001 2.714917e+000
8.485880e+000 1.421611e+001 2.798199e+000
2.025135e+001 2.037582e+001 9.732769e+000
2.133403e+001 1.912539e+001 6.216033e+000
1.877590e+001 1.693747e+001 4.271375e+000
1.623534e+001 1.405983e+001 3.661793e+000
3.697411e+000 1.835333e+001 8.536008e+000
3.389752e+000 1.659889e+001 5.610124e+000
5.384878e+000 1.565862e+001 2.989137e+000
1.956926e+001 1.740307e+001 1.083525e+001
2.064484e+001 1.571911e+001 7.915423e+000
1.950618e+001 1.498005e+001 4.647892e+000
4.328885e+000 1.503081e+001 8.995951e+000
4.310414e+000 1.394174e+001 6.319387e+000
5.804216e+000 1.396890e+001 3.845936e+000
1.834771e+001 1.405967e+001 1.133134e+001
1.911699e+001 1.336207e+001 8.471410e+000
1.845823e+001 1.311329e+001 5.511257e+000
7.186065e+000 8.281023e+000 9.915836e+000
6.390226e+000 9.968455e+000 7.218808e+000
7.239822e+000 1.180389e+001 4.637376e+000
1.420981e+001 7.515564e+000 1.133447e+001
1.620211e+001 9.240841e+000 8.859523e+000
1.632754e+001 1.113219e+001 5.781000e+000
5.963401e+000 5.569183e+000 9.751377e+000
8.525270e+000 5.128632e+000 1.262428e+001
1.239353e+001 5.019404e+000 1.281666e+001
1.551854e+001 5.091461e+000 1.052765e+001
8.209480e+000 2.155082e+001 3.130177e+000
1.129707e+001 2.107813e+001 1.969000e+000
1.459957e+001 2.079047e+001 2.310954e+000
1.750609e+001 2.108058e+001 3.915085e+000
1.679776e+001 1.051305e+001 1.133064e+001
1.465874e+001 2.221007e+001 1.316394e+001
1.543322e+001 1.683552e+001 1.456862e+001
1.502468e+001 1.312183e+001 1.438171e+001
1.403529e+001 9.893659e+000 1.364760e+001
1.258176e+001 6.993583e+000 1.266201e+001
1.140798e+001 1.931414e+001 1.398469e+001
1.136823e+001 1.616959e+001 1.468566e+001
1.125332e+001 1.305666e+001 1.447680e+001
1.100518e+001 1.003165e+001 1.392400e+001
1.062122e+001 7.172120e+000 1.241720e+001
8.834034e+000 2.312744e+001 1.250808e+001
7.122555e+000 1.733958e+001 1.385754e+001
7.335836e+000 1.356151e+001 1.366456e+001
7.751991e+000 1.021575e+001 1.303859e+001
8.415577e+000 7.236356e+000 1.220571e+001
5.240216e+000 1.132771e+001 9.431541e+000
