[individuals]
1
[dimensions]
3
[landmarks]
71
[rawpoints]
'#1
-3.162468e+001 -7.395680e+001 1.430759e+002
3.422481e+001 -7.331464e+001 1.438257e+002
-1.412637e+000 -1.025324e+002 1.302165e+002
9.865910e-001 -1.493662e+002 1.515531e+002
-1.164074e+001 -1.761715e+002 1.811345e+002
1.511191e+001 -1.774301e+002 1.782080e+002
-1.399635e+001 -6.361868e+001 1.269416e+002
1.738584e+001 -6.538795e+001 1.282419e+002
2.042717e+000 -5.997755e+001 1.490178e+002
1.862367e+000 -5.969904e+001 1.591494e+002
1.749581e+000 -6.376350e+001 1.684349e+002
1.706929e+000 -7.244566e+001 1.736663e+002
-2.541322e+001 -6.331793e+001 1.578264e+002
-2.832929e+001 -6.181017e+001 1.511262e+002
-3.260042e+001 -6.681287e+001 1.476046e+002
-3.350317e+001 -7.421946e+001 1.476121e+002
1.900910e+001 -6.236252e+001 1.576644e+002
2.571936e+001 -6.441301e+001 1.542524e+002
3.117901e+001 -6.943468e+001 1.518325e+002
3.620946e+001 -7.465912e+001 1.489559e+002
-3.719698e+001 -7.443176e+001 1.551076e+002
-4.411237e+001 -8.650735e+001 1.418448e+002
-3.532842e+001 -1.007023e+002 1.323127e+002
-2.347380e+001 -1.158343e+002 1.321504e+002
3.954222e+001 -7.668225e+001 1.563007e+002
4.013559e+001 -8.709912e+001 1.410334e+002
3.235161e+001 -1.022590e+002 1.338542e+002
2.332131e+001 -1.183663e+002 1.348289e+002
-4.524426e+001 -9.216015e+001 1.627422e+002
-4.780086e+001 -1.041619e+002 1.496494e+002
-4.075634e+001 -1.120528e+002 1.351526e+002
4.427488e+001 -9.003352e+001 1.668828e+002
4.859821e+001 -1.017227e+002 1.521931e+002
4.060185e+001 -1.100815e+002 1.367891e+002
-3.944451e+001 -1.147884e+002 1.676972e+002
-4.028303e+001 -1.206478e+002 1.534715e+002
-3.466407e+001 -1.235378e+002 1.394186e+002
4.028850e+001 -1.130598e+002 1.677271e+002
3.905180e+001 -1.203113e+002 1.552213e+002
3.519849e+001 -1.232859e+002 1.415537e+002
-1.740817e+001 -1.596945e+002 1.713951e+002
-2.295342e+001 -1.457597e+002 1.582591e+002
-2.145758e+001 -1.306548e+002 1.453318e+002
1.991893e+001 -1.604770e+002 1.674514e+002
2.135183e+001 -1.472634e+002 1.554725e+002
2.180614e+001 -1.316895e+002 1.466754e+002
-1.852753e+001 -1.667860e+002 1.773153e+002
-5.696089e+000 -1.662052e+002 1.755126e+002
7.260851e+000 -1.656380e+002 1.756221e+002
2.019176e+001 -1.650766e+002 1.747776e+002
-2.893416e+001 -8.242874e+001 1.326667e+002
-1.003023e+001 -8.378053e+001 1.242481e+002
1.069105e+001 -8.460722e+001 1.241312e+002
2.981261e+001 -8.278077e+001 1.319488e+002
2.929547e+001 -1.360510e+002 1.649761e+002
1.756030e+001 -7.230480e+001 1.745591e+002
2.598046e+001 -9.952684e+001 1.908218e+002
2.123805e+001 -1.220471e+002 1.867693e+002
1.537051e+001 -1.409284e+002 1.809959e+002
9.169682e+000 -1.582520e+002 1.737899e+002
1.490955e+000 -8.663786e+001 1.862937e+002
1.747631e-001 -1.053152e+002 1.887076e+002
-5.538524e-001 -1.234231e+002 1.874029e+002
-4.505206e-001 -1.408619e+002 1.819208e+002
-1.984321e-001 -1.579238e+002 1.739817e+002
-1.653193e+001 -6.923112e+001 1.724317e+002
-2.452591e+001 -9.953127e+001 1.880582e+002
-2.215849e+001 -1.222253e+002 1.858271e+002
-1.547586e+001 -1.409734e+002 1.799675e+002
-1.197380e+001 -1.581773e+002 1.756581e+002
-2.667887e+001 -1.380284e+002 1.702963e+002
