[individuals]
1
[dimensions]
3
[landmarks]
71
[rawpoints]
'#1
1.557348e+000 1.657914e+001 8.065353e+000
1.148922e+001 1.578672e+001 2.190338e+000
5.593040e+000 1.361294e+001 4.159233e+000
7.013654e+000 6.394253e+000 7.161173e+000
7.309958e+000 2.884441e+000 1.090974e+001
9.525371e+000 2.760431e+000 9.510008e+000
3.441748e+000 1.664182e+001 4.569076e+000
7.486293e+000 1.658552e+001 2.268747e+000
7.631669e+000 1.914652e+001 6.838222e+000
8.114809e+000 1.893254e+001 7.739829e+000
8.544608e+000 1.841820e+001 8.541684e+000
8.832789e+000 1.753788e+001 9.025560e+000
5.064182e+000 1.857273e+001 8.310602e+000
4.349503e+000 1.821197e+001 8.601944e+000
3.743709e+000 1.761839e+001 8.682420e+000
3.544008e+000 1.679513e+001 8.772506e+000
9.823335e+000 1.835280e+001 5.311849e+000
1.046743e+001 1.788722e+001 4.794623e+000
1.096192e+001 1.717650e+001 4.407953e+000
1.116337e+001 1.625125e+001 4.358465e+000
3.760464e+000 1.614674e+001 9.899773e+000
1.470754e+000 1.417813e+001 9.357959e+000
2.448010e+000 1.222869e+001 7.162576e+000
3.587589e+000 9.788614e+000 5.670382e+000
1.160659e+001 1.575121e+001 5.529579e+000
1.240650e+001 1.345808e+001 3.799086e+000
9.996622e+000 1.181204e+001 3.057175e+000
7.894095e+000 9.710987e+000 3.424615e+000
4.069712e+000 1.431246e+001 1.102295e+001
1.843448e+000 1.258127e+001 1.008465e+001
1.661256e+000 1.111040e+001 7.507383e+000
1.236485e+001 1.313258e+001 6.241818e+000
1.246965e+001 1.126629e+001 4.305047e+000
1.050380e+001 1.009399e+001 2.887533e+000
4.735468e+000 1.202834e+001 1.158106e+001
2.483113e+000 1.101385e+001 1.031150e+001
1.786121e+000 1.025375e+001 7.732522e+000
1.213142e+001 1.080048e+001 7.250447e+000
1.202589e+001 9.853944e+000 5.023411e+000
1.026418e+001 9.215552e+000 3.488287e+000
6.622859e+000 6.659495e+000 1.122645e+001
4.466374e+000 8.175555e+000 1.053132e+001
3.333337e+000 8.535936e+000 8.078267e+000
1.012336e+001 6.483145e+000 8.776955e+000
1.014157e+001 7.131246e+000 6.504642e+000
9.019410e+000 8.011954e+000 4.620782e+000
6.103945e+000 5.181513e+000 1.145474e+001
8.081297e+000 5.008340e+000 1.126435e+001
9.839520e+000 4.992068e+000 1.032387e+001
1.104476e+001 4.975623e+000 8.735497e+000
3.532238e+000 1.546565e+001 5.484955e+000
4.574350e+000 1.512387e+001 4.007299e+000
6.194553e+000 1.507524e+001 3.136291e+000
8.025263e+000 1.518359e+001 2.984618e+000
1.169693e+001 8.549479e+000 8.137461e+000
1.015441e+001 1.588304e+001 8.021319e+000
1.084062e+001 1.263475e+001 8.841515e+000
1.067062e+001 1.039556e+001 9.295461e+000
1.050687e+001 8.363544e+000 9.662253e+000
9.765172e+000 6.556066e+000 9.746481e+000
9.017869e+000 1.402895e+001 9.996826e+000
9.142554e+000 1.227187e+001 1.055333e+001
9.147887e+000 1.045860e+001 1.078832e+001
9.048549e+000 8.595959e+000 1.070906e+001
8.916296e+000 6.669135e+000 1.039416e+001
6.902086e+000 1.626896e+001 1.019883e+001
6.948691e+000 1.324242e+001 1.133708e+001
7.095360e+000 1.099892e+001 1.147233e+001
7.451959e+000 8.828337e+000 1.144769e+001
7.845238e+000 6.695625e+000 1.073994e+001
5.649422e+000 9.467216e+000 1.173482e+001
