[individuals]
1
[dimensions]
3
[landmarks]
71
[rawpoints]
'#1
9.023822e+000 1.954379e+001 7.120060e+000
1.658758e+001 1.949102e+001 7.035473e+000
1.276363e+001 1.756632e+001 5.393137e+000
1.304287e+001 1.242686e+001 7.870660e+000
1.156832e+001 1.021032e+001 9.410702e+000
1.404947e+001 1.013699e+001 9.938927e+000
1.107312e+001 2.043341e+001 5.090678e+000
1.456695e+001 2.058687e+001 5.046705e+000
1.269482e+001 2.265090e+001 7.977960e+000
1.274899e+001 2.227651e+001 9.300000e+000
1.278978e+001 2.132934e+001 1.029606e+001
1.283920e+001 2.000109e+001 1.064847e+001
1.023279e+001 2.262059e+001 7.812555e+000
9.036716e+000 2.196840e+001 8.127394e+000
9.259681e+000 2.059601e+001 7.978711e+000
9.475837e+000 1.921466e+001 7.962774e+000
1.524806e+001 2.246357e+001 8.068700e+000
1.647433e+001 2.181752e+001 8.156981e+000
1.608953e+001 2.048332e+001 8.102055e+000
1.611818e+001 1.909898e+001 8.214669e+000
9.347327e+000 1.954322e+001 9.228037e+000
7.673777e+000 1.725439e+001 8.177850e+000
8.490165e+000 1.550719e+001 5.849061e+000
1.134122e+001 1.459012e+001 5.432456e+000
1.633731e+001 1.963464e+001 9.261895e+000
1.629806e+001 1.810088e+001 7.222010e+000
1.595290e+001 1.652651e+001 5.302814e+000
1.437813e+001 1.448314e+001 5.600888e+000
8.625229e+000 1.712139e+001 1.039532e+001
7.765874e+000 1.531043e+001 8.659007e+000
8.845929e+000 1.465111e+001 6.328314e+000
1.672796e+001 1.694007e+001 1.062341e+001
1.828425e+001 1.619174e+001 8.309763e+000
1.707885e+001 1.548707e+001 5.782835e+000
9.025170e+000 1.513362e+001 1.060661e+001
8.755028e+000 1.439953e+001 8.607654e+000
9.619861e+000 1.419843e+001 6.653451e+000
1.635427e+001 1.474851e+001 1.070151e+001
1.652400e+001 1.402487e+001 8.817178e+000
1.590894e+001 1.418596e+001 6.893872e+000
1.097045e+001 1.188456e+001 1.045639e+001
1.077516e+001 1.261823e+001 8.683556e+000
1.108005e+001 1.346994e+001 6.980405e+000
1.485313e+001 1.193866e+001 1.041098e+001
1.501840e+001 1.269333e+001 8.741859e+000
1.474508e+001 1.350208e+001 7.112741e+000
1.098494e+001 1.106185e+001 1.002319e+001
1.215423e+001 1.082219e+001 1.061973e+001
1.348771e+001 1.084121e+001 1.066486e+001
1.473023e+001 1.104611e+001 1.022354e+001
1.076520e+001 1.898127e+001 5.373391e+000
1.213736e+001 1.867863e+001 4.876116e+000
1.362698e+001 1.864398e+001 4.836762e+000
1.490848e+001 1.897607e+001 5.521873e+000
1.565438e+001 1.299214e+001 1.043240e+001
1.437207e+001 1.981845e+001 1.006822e+001
1.475673e+001 1.704025e+001 1.128823e+001
1.467313e+001 1.493536e+001 1.138731e+001
1.443473e+001 1.318254e+001 1.125245e+001
1.399561e+001 1.182910e+001 1.083593e+001
1.277977e+001 1.839585e+001 1.083507e+001
1.279445e+001 1.676842e+001 1.119180e+001
1.286325e+001 1.512019e+001 1.118665e+001
1.290010e+001 1.348931e+001 1.109617e+001
1.293994e+001 1.187857e+001 1.076764e+001
1.118874e+001 1.977167e+001 1.004397e+001
1.067988e+001 1.713076e+001 1.110734e+001
1.081584e+001 1.514945e+001 1.132355e+001
1.123050e+001 1.333696e+001 1.127822e+001
1.191561e+001 1.181843e+001 1.081979e+001
9.791811e+000 1.334953e+001 1.051198e+001
