[individuals]
1
[dimensions]
3
[landmarks]
71
[rawpoints]
'#1
5.696089e+000 5.775373e+001 1.866815e+001
3.839899e+001 5.601215e+001 1.541518e+001
2.069011e+001 4.556007e+001 9.628967e+000
2.075555e+001 1.745608e+001 1.995400e+001
1.583923e+001 3.525032e+000 3.234160e+001
2.299443e+001 3.513245e+000 3.166055e+001
1.414742e+001 5.975945e+001 7.370087e+000
2.839123e+001 5.894584e+001 6.202141e+000
2.207501e+001 6.568106e+001 1.673355e+001
2.234404e+001 6.640094e+001 2.104731e+001
2.259783e+001 6.631833e+001 2.542093e+001
2.287612e+001 6.412752e+001 2.920537e+001
1.405097e+001 6.595322e+001 2.316410e+001
1.079766e+001 6.449413e+001 2.055580e+001
9.403587e+000 6.044602e+001 1.946765e+001
8.910892e+000 5.605595e+001 1.943456e+001
3.126325e+001 6.469427e+001 2.183298e+001
3.415218e+001 6.325463e+001 1.905653e+001
3.581580e+001 5.963308e+001 1.755804e+001
3.518054e+001 5.542981e+001 1.732233e+001
1.091332e+001 5.384901e+001 2.485281e+001
4.861619e+000 4.730598e+001 2.140497e+001
9.276274e+000 4.266568e+001 1.420382e+001
1.293136e+001 3.402193e+001 1.210992e+001
3.263296e+001 5.360724e+001 2.381287e+001
3.660094e+001 4.636993e+001 1.755771e+001
2.953105e+001 4.123052e+001 1.200221e+001
2.467691e+001 3.229017e+001 1.005954e+001
7.410866e+000 4.471742e+001 3.108834e+001
3.471000e+000 4.302742e+001 2.284710e+001
6.453041e+000 4.023492e+001 1.450334e+001
3.660616e+001 4.212560e+001 2.847835e+001
3.898200e+001 3.863002e+001 1.933079e+001
3.336804e+001 3.728819e+001 1.107035e+001
9.088400e+000 3.369935e+001 3.365510e+001
4.490948e+000 3.317033e+001 2.569175e+001
4.849000e+000 3.348855e+001 1.649375e+001
3.476101e+001 3.191606e+001 3.039942e+001
3.665073e+001 3.087242e+001 2.109868e+001
3.396650e+001 3.113799e+001 1.193965e+001
1.458245e+001 1.483425e+001 3.175813e+001
9.690516e+000 2.225712e+001 2.709216e+001
1.006440e+001 2.636715e+001 1.793995e+001
2.649383e+001 1.451762e+001 2.877259e+001
2.792660e+001 1.962225e+001 2.176062e+001
2.580532e+001 2.575416e+001 1.582923e+001
1.078442e+001 8.326668e+000 3.062881e+001
1.642407e+001 7.394890e+000 3.447700e+001
2.324732e+001 6.888810e+000 3.365810e+001
2.901467e+001 6.606826e+000 2.989740e+001
1.282560e+001 5.409039e+001 1.300340e+001
1.718641e+001 5.200579e+001 7.684099e+000
2.433769e+001 5.135233e+001 7.387304e+000
2.968538e+001 5.300343e+001 1.189627e+001
3.200843e+001 2.172059e+001 3.031375e+001
2.697902e+001 5.566510e+001 2.746677e+001
3.042808e+001 4.106258e+001 3.493798e+001
2.942622e+001 3.075880e+001 3.569291e+001
2.719137e+001 2.160394e+001 3.468282e+001
2.382239e+001 1.348756e+001 3.254590e+001
2.268669e+001 4.842593e+001 3.425769e+001
2.333930e+001 3.963926e+001 3.760042e+001
2.321756e+001 3.071670e+001 3.776300e+001
2.227082e+001 2.217173e+001 3.633200e+001
2.051998e+001 1.375580e+001 3.325195e+001
1.826348e+001 5.491675e+001 2.822013e+001
1.565736e+001 4.237015e+001 3.685019e+001
1.629321e+001 3.171210e+001 3.784038e+001
1.702245e+001 2.232876e+001 3.662506e+001
1.745290e+001 1.406907e+001 3.350976e+001
1.254896e+001 2.289391e+001 3.419257e+001
