[individuals]
1
[dimensions]
3
[landmarks]
71
[rawpoints]
'#1
-9.690350e+000 1.682636e+000 -3.688036e+001
1.343255e+001 5.122130e-001 -3.802486e+001
1.310108e+000 -4.608788e+000 -4.249078e+001
1.736678e+000 -2.293928e+001 -3.470334e+001
-7.336920e-001 -3.306464e+001 -3.018715e+001
4.287604e+000 -3.337839e+001 -3.002582e+001
-2.998622e+000 2.140808e+000 -4.287690e+001
6.194661e+000 1.866247e+000 -4.372970e+001
2.129291e+000 7.097488e+000 -3.603643e+001
2.265313e+000 7.520910e+000 -3.148663e+001
2.361455e+000 5.556589e+000 -2.735964e+001
2.519350e+000 1.483616e+000 -2.529000e+001
-3.216982e+000 6.325794e+000 -3.244728e+001
-4.664021e+000 5.922232e+000 -3.338680e+001
-5.866308e+000 4.915600e+000 -3.421168e+001
-6.880084e+000 3.784538e+000 -3.512391e+001
7.140226e+000 6.109985e+000 -3.313013e+001
8.979405e+000 5.641838e+000 -3.416832e+001
1.015547e+001 3.930542e+000 -3.477515e+001
1.161888e+001 2.472679e+000 -3.541745e+001
-9.102793e+000 -1.269028e+000 -3.214024e+001
-8.600899e+000 -5.397411e+000 -3.654340e+001
-5.591827e+000 -8.881427e+000 -4.047913e+001
-1.833886e+000 -1.357267e+001 -4.122470e+001
1.317204e+001 -1.394217e+000 -3.335384e+001
1.343075e+001 -6.528803e+000 -3.749374e+001
9.651581e+000 -9.902849e+000 -4.172239e+001
4.397105e+000 -1.389615e+001 -4.195732e+001
-1.018342e+001 -7.873101e+000 -2.958133e+001
-1.076578e+001 -1.097737e+001 -3.503852e+001
-7.718543e+000 -1.141457e+001 -4.054116e+001
1.428310e+001 -8.406677e+000 -3.025612e+001
1.476017e+001 -1.052984e+001 -3.654017e+001
1.083323e+001 -1.225053e+001 -4.162259e+001
-8.303825e+000 -1.458041e+001 -2.770742e+001
-8.690580e+000 -1.431895e+001 -3.363220e+001
-7.465687e+000 -1.423661e+001 -3.944692e+001
1.264989e+001 -1.506648e+001 -2.804580e+001
1.228268e+001 -1.460512e+001 -3.445527e+001
1.065546e+001 -1.469315e+001 -4.068185e+001
-2.913569e+000 -2.674134e+001 -2.693732e+001
-3.432934e+000 -2.279172e+001 -3.211983e+001
-2.298954e+000 -1.816370e+001 -3.659483e+001
7.217273e+000 -2.729236e+001 -2.715539e+001
7.453874e+000 -2.322930e+001 -3.259823e+001
5.534120e+000 -1.852707e+001 -3.711444e+001
-5.001621e+000 -2.827380e+001 -2.799238e+001
-1.690647e-001 -2.925707e+001 -2.627297e+001
5.014027e+000 -2.962251e+001 -2.680037e+001
9.427284e+000 -2.881322e+001 -2.947370e+001
-4.205203e+000 -1.728320e-001 -3.962569e+001
-9.893268e-001 -2.867779e-001 -4.291504e+001
3.594074e+000 -3.540051e-001 -4.331836e+001
7.281521e+000 -4.744910e-001 -4.056840e+001
1.028364e+001 -2.146422e+001 -2.629777e+001
6.397933e+000 1.511742e+000 -2.822122e+001
9.076368e+000 -8.180121e+000 -2.285417e+001
8.270150e+000 -1.562701e+001 -2.265632e+001
6.654304e+000 -2.207227e+001 -2.423616e+001
4.940940e+000 -2.802636e+001 -2.614270e+001
2.691843e+000 -3.061856e+000 -2.358724e+001
2.833881e+000 -9.245353e+000 -2.140114e+001
2.822967e+000 -1.573285e+001 -2.187890e+001
2.659101e+000 -2.182863e+001 -2.331800e+001
2.342282e+000 -2.782709e+001 -2.612209e+001
-1.139997e+000 1.960991e+000 -2.811470e+001
-3.990365e+000 -7.779661e+000 -2.206199e+001
-3.643440e+000 -1.538398e+001 -2.203885e+001
-1.954046e+000 -2.203060e+001 -2.393213e+001
-4.188703e-001 -2.790946e+001 -2.587620e+001
-6.394850e+000 -2.108349e+001 -2.799873e+001
