[individuals]
1
[dimensions]
3
[landmarks]
71
[rawpoints]
'#1
1.867624e+001 8.708247e+001 1.511509e+001
4.988606e+001 8.721686e+001 1.212990e+001
3.742158e+001 7.366813e+001 8.858089e+000
3.264412e+001 4.518628e+001 2.585909e+001
2.680183e+001 2.899600e+001 3.849357e+001
3.511870e+001 2.834395e+001 3.616216e+001
3.325002e+001 9.539000e+001 5.298347e+000
4.306611e+001 9.464687e+001 5.115807e+000
3.577258e+001 9.644115e+001 1.487666e+001
3.565733e+001 9.761015e+001 2.037140e+001
3.559696e+001 9.730394e+001 2.598155e+001
3.523249e+001 9.420300e+001 3.065282e+001
2.365672e+001 9.382880e+001 2.201620e+001
2.098658e+001 9.334702e+001 2.089035e+001
1.972934e+001 9.100110e+001 1.964690e+001
1.971118e+001 8.843554e+001 1.821606e+001
4.780686e+001 9.227099e+001 2.298139e+001
5.091170e+001 9.121028e+001 2.072866e+001
5.271319e+001 8.806320e+001 1.908878e+001
5.106475e+001 8.542843e+001 1.660290e+001
1.975768e+001 7.964465e+001 2.052859e+001
1.873054e+001 7.223738e+001 1.620641e+001
2.375640e+001 6.635361e+001 1.231168e+001
2.646608e+001 5.819284e+001 1.148404e+001
5.175074e+001 7.643549e+001 2.128029e+001
5.332486e+001 6.897760e+001 1.728110e+001
5.117764e+001 6.314728e+001 1.132334e+001
4.543893e+001 5.673296e+001 1.120207e+001
1.734059e+001 7.033556e+001 2.415726e+001
1.720488e+001 6.681258e+001 1.787096e+001
2.252308e+001 6.354699e+001 1.426475e+001
5.320874e+001 6.780722e+001 2.591438e+001
5.370659e+001 6.335130e+001 2.007310e+001
5.151033e+001 5.982755e+001 1.399171e+001
1.703354e+001 6.115308e+001 2.727008e+001
1.792673e+001 6.035438e+001 2.068823e+001
2.110442e+001 6.042938e+001 1.480156e+001
5.101999e+001 5.939003e+001 2.925436e+001
5.248984e+001 5.646120e+001 2.273291e+001
5.079665e+001 5.490136e+001 1.580702e+001
2.212132e+001 4.334869e+001 3.154449e+001
2.371382e+001 4.830976e+001 2.486495e+001
2.427273e+001 5.330197e+001 1.804380e+001
4.108112e+001 4.258565e+001 3.326013e+001
4.432836e+001 4.681930e+001 2.605044e+001
4.425224e+001 5.162206e+001 1.847598e+001
2.338109e+001 3.788100e+001 3.697440e+001
2.911392e+001 3.745948e+001 3.864309e+001
3.508279e+001 3.721815e+001 3.902489e+001
4.023818e+001 3.742977e+001 3.599091e+001
3.021370e+001 8.467639e+001 5.981972e+000
3.636424e+001 8.473067e+001 4.823190e+000
4.259505e+001 8.466815e+001 5.418344e+000
4.821918e+001 8.447216e+001 8.155975e+000
4.701904e+001 5.067145e+001 3.188947e+001
4.032057e+001 8.150510e+001 2.850071e+001
4.294311e+001 6.840922e+001 3.421703e+001
4.156993e+001 5.875236e+001 3.547995e+001
3.988161e+001 5.002656e+001 3.726339e+001
3.658821e+001 4.168751e+001 3.741896e+001
3.436784e+001 7.441891e+001 3.277913e+001
3.353424e+001 6.678257e+001 3.594214e+001
3.283147e+001 5.883991e+001 3.740026e+001
3.223815e+001 5.076048e+001 3.796203e+001
3.192289e+001 4.256562e+001 3.674581e+001
2.992234e+001 8.314152e+001 2.917400e+001
2.544561e+001 6.937865e+001 3.296390e+001
2.459753e+001 5.964751e+001 3.466936e+001
2.480811e+001 5.071401e+001 3.562440e+001
2.566948e+001 4.221754e+001 3.609055e+001
1.825892e+001 5.202756e+001 2.978749e+001
