[individuals]
1
[dimensions]
3
[landmarks]
71
[rawpoints]
'#1
2.053860e+001 1.194536e+001 -2.873363e+001
1.931375e+000 1.267534e+001 -2.945878e+001
1.125479e+001 1.495909e+001 -2.406291e+001
1.070043e+001 8.887445e+000 -9.962622e+000
1.158165e+001 3.135479e+000 -1.887077e+000
7.992496e+000 3.430634e+000 -2.115126e+000
1.453821e+001 1.603483e+001 -3.074535e+001
7.890180e+000 1.630888e+001 -3.106293e+001
1.080654e+001 1.075013e+001 -3.307616e+001
1.086399e+001 8.143254e+000 -3.280573e+001
1.091646e+001 5.864071e+000 -3.151160e+001
1.099512e+001 4.936663e+000 -2.906097e+001
1.576489e+001 1.021511e+001 -3.154295e+001
1.705815e+001 1.007917e+001 -3.078316e+001
1.741644e+001 1.012207e+001 -2.932091e+001
1.750320e+001 1.011660e+001 -2.781735e+001
6.602733e+000 9.702829e+000 -3.178939e+001
5.147912e+000 9.977650e+000 -3.143996e+001
4.406494e+000 1.012428e+001 -3.011966e+001
4.325596e+000 1.039095e+001 -2.862419e+001
1.838147e+001 8.765320e+000 -2.621175e+001
1.953860e+001 1.118714e+001 -2.270411e+001
1.604217e+001 1.377680e+001 -2.190803e+001
1.388831e+001 1.452522e+001 -1.812228e+001
3.257324e+000 8.904247e+000 -2.680313e+001
2.260767e+000 1.172449e+001 -2.348617e+001
5.183769e+000 1.424669e+001 -2.124010e+001
8.081866e+000 1.465379e+001 -1.786572e+001
1.841905e+001 6.943438e+000 -2.223274e+001
1.918905e+001 1.056488e+001 -2.091619e+001
1.731516e+001 1.387543e+001 -1.993187e+001
2.789425e+000 7.295697e+000 -2.273109e+001
2.701888e+000 1.072712e+001 -2.079027e+001
4.577050e+000 1.396119e+001 -1.953475e+001
1.729737e+001 6.278966e+000 -1.825372e+001
1.735060e+001 9.327408e+000 -1.664577e+001
1.595473e+001 1.245938e+001 -1.629379e+001
3.765801e+000 6.407132e+000 -1.865905e+001
3.417128e+000 9.920541e+000 -1.838762e+001
4.895409e+000 1.311681e+001 -1.801704e+001
1.362988e+001 5.647789e+000 -1.039555e+001
1.449627e+001 8.944304e+000 -1.257569e+001
1.371409e+001 1.224118e+001 -1.478704e+001
7.250246e+000 5.395798e+000 -1.051499e+001
6.249014e+000 8.516541e+000 -1.293271e+001
6.911035e+000 1.189704e+001 -1.510577e+001
1.435579e+001 3.729053e+000 -6.342584e+000
1.183780e+001 2.239386e+000 -6.916127e+000
8.876394e+000 2.408201e+000 -7.216018e+000
6.181767e+000 3.657658e+000 -6.958096e+000
1.546990e+001 1.429664e+001 -2.718345e+001
1.274589e+001 1.616769e+001 -2.760425e+001
9.437062e+000 1.624173e+001 -2.798437e+001
6.586236e+000 1.455199e+001 -2.832520e+001
5.020212e+000 5.988666e+000 -1.458702e+001
7.989503e+000 6.029710e+000 -2.786454e+001
5.833664e+000 3.851186e+000 -2.183994e+001
6.546675e+000 3.937788e+000 -1.736165e+001
7.171193e+000 3.816747e+000 -1.357066e+001
8.556954e+000 4.219506e+000 -1.015587e+001
1.023350e+001 3.932770e+000 -2.340552e+001
1.008342e+001 3.358786e+000 -2.010223e+001
1.006720e+001 3.323915e+000 -1.668485e+001
1.002254e+001 3.587032e+000 -1.332602e+001
1.000373e+001 4.152929e+000 -9.995789e+000
1.412819e+001 5.959021e+000 -2.800413e+001
1.411250e+001 3.409686e+000 -2.171332e+001
1.361066e+001 3.537513e+000 -1.714973e+001
1.300483e+001 3.586563e+000 -1.333251e+001
1.218276e+001 4.172886e+000 -1.000264e+001
1.562704e+001 5.679183e+000 -1.409826e+001
