[individuals]
1
[dimensions]
3
[landmarks]
71
[rawpoints]
'#1
3.604598e+000 2.428524e+001 7.459263e+000
1.467476e+001 2.396017e+001 7.838985e+000
9.055502e+000 2.008062e+001 6.437693e+000
8.809940e+000 1.528261e+001 1.070278e+001
7.382234e+000 1.309041e+001 1.413012e+001
1.026847e+001 1.282830e+001 1.395048e+001
7.284627e+000 2.371558e+001 4.437073e+000
1.115681e+001 2.362649e+001 4.448496e+000
9.175142e+000 2.680677e+001 6.674269e+000
9.210853e+000 2.727693e+001 8.095392e+000
9.245288e+000 2.720332e+001 9.590487e+000
9.283346e+000 2.650030e+001 1.091191e+001
6.426459e+000 2.686361e+001 8.020635e+000
5.247661e+000 2.641157e+001 7.688123e+000
4.480907e+000 2.539946e+001 7.384487e+000
4.662763e+000 2.430980e+001 8.080089e+000
1.188270e+001 2.666306e+001 8.416361e+000
1.300307e+001 2.619983e+001 8.213345e+000
1.369847e+001 2.520284e+001 8.030524e+000
1.353154e+001 2.403254e+001 8.367339e+000
4.234175e+000 2.427340e+001 8.898613e+000
3.692411e+000 2.143469e+001 7.870083e+000
5.884754e+000 1.948100e+001 6.983113e+000
7.919521e+000 1.720036e+001 6.720460e+000
1.406317e+001 2.376498e+001 9.208864e+000
1.403629e+001 2.128512e+001 7.705108e+000
1.192573e+001 1.943560e+001 6.972536e+000
1.032413e+001 1.703699e+001 6.666937e+000
3.721538e+000 2.240259e+001 1.143502e+001
2.967667e+000 2.026682e+001 9.042579e+000
4.971102e+000 1.864528e+001 6.990431e+000
1.429655e+001 2.224791e+001 1.126720e+001
1.512429e+001 1.983813e+001 9.327210e+000
1.306634e+001 1.860010e+001 7.208767e+000
4.211226e+000 2.038056e+001 1.278195e+001
4.022729e+000 1.823114e+001 1.064119e+001
5.260819e+000 1.696027e+001 8.173404e+000
1.379639e+001 2.002967e+001 1.264494e+001
1.375412e+001 1.777939e+001 1.082221e+001
1.230103e+001 1.644831e+001 8.699833e+000
6.739913e+000 1.562856e+001 1.367043e+001
6.012488e+000 1.607617e+001 1.125675e+001
7.063639e+000 1.622282e+001 8.926724e+000
1.127739e+001 1.537790e+001 1.387231e+001
1.169827e+001 1.569663e+001 1.136584e+001
1.078969e+001 1.610024e+001 9.005097e+000
6.389457e+000 1.473808e+001 1.413589e+001
7.989799e+000 1.427753e+001 1.487158e+001
9.789009e+000 1.400624e+001 1.481167e+001
1.140849e+001 1.418060e+001 1.399850e+001
6.371812e+000 2.211406e+001 5.726108e+000
8.140724e+000 2.147696e+001 5.021663e+000
1.014796e+001 2.152387e+001 5.021694e+000
1.191736e+001 2.207446e+001 5.794691e+000
1.271399e+001 1.759312e+001 1.343950e+001
1.109513e+001 2.533204e+001 1.072009e+001
1.197480e+001 2.229975e+001 1.366769e+001
1.163387e+001 1.978413e+001 1.429881e+001
1.108132e+001 1.756954e+001 1.459211e+001
1.028130e+001 1.563646e+001 1.448232e+001
9.002842e+000 2.344797e+001 1.305935e+001
9.121452e+000 2.164357e+001 1.403932e+001
9.170362e+000 1.971422e+001 1.450072e+001
9.150234e+000 1.773930e+001 1.457265e+001
9.061639e+000 1.572254e+001 1.440280e+001
7.033062e+000 2.551540e+001 1.053873e+001
6.245764e+000 2.247937e+001 1.374449e+001
6.618142e+000 1.997733e+001 1.438840e+001
7.106428e+000 1.780394e+001 1.468217e+001
7.786372e+000 1.579972e+001 1.443814e+001
5.230347e+000 1.808414e+001 1.352190e+001
