[individuals]
1
[dimensions]
3
[landmarks]
71
[rawpoints]
'#1
1.846884e+000 1.087677e+001 8.316195e+000
1.179636e+001 1.113310e+001 8.042273e+000
6.714369e+000 8.390949e+000 6.112038e+000
6.857463e+000 3.922804e+000 7.353638e+000
6.014572e+000 -3.695130e-001 1.180921e+001
7.644930e+000 -2.708950e-001 1.172699e+001
4.851006e+000 1.116687e+001 5.099714e+000
8.670001e+000 1.121203e+001 4.912163e+000
6.720631e+000 1.384360e+001 7.948492e+000
6.626999e+000 1.392993e+001 9.665662e+000
6.508083e+000 1.336087e+001 1.128647e+001
6.869833e+000 1.204902e+001 1.234149e+001
4.190329e+000 1.328279e+001 9.531501e+000
3.496110e+000 1.296189e+001 9.190863e+000
2.938403e+000 1.245276e+001 8.829329e+000
2.800357e+000 1.162861e+001 8.880744e+000
9.522275e+000 1.328280e+001 9.168179e+000
1.022710e+001 1.286825e+001 8.904247e+000
1.083184e+001 1.233245e+001 8.602589e+000
1.102961e+001 1.150212e+001 8.668904e+000
2.378397e+000 1.091354e+001 1.000949e+001
1.159447e+000 9.063354e+000 8.629365e+000
2.715754e+000 7.706134e+000 7.032373e+000
4.285026e+000 5.934652e+000 5.931108e+000
1.135297e+001 1.091522e+001 9.852264e+000
1.253336e+001 9.057715e+000 8.408461e+000
1.117099e+001 7.425350e+000 6.856361e+000
9.435671e+000 5.648871e+000 5.983835e+000
2.052383e+000 9.017532e+000 1.089627e+001
1.068513e+000 8.250831e+000 8.771647e+000
2.446796e+000 7.102370e+000 7.083133e+000
1.177596e+001 8.974078e+000 1.073980e+001
1.250279e+001 7.626875e+000 8.909013e+000
1.131201e+001 6.586926e+000 7.121455e+000
2.175200e+000 7.024940e+000 1.149964e+001
1.542316e+000 6.579770e+000 9.350182e+000
2.476260e+000 6.160470e+000 7.308036e+000
1.161797e+001 6.931305e+000 1.130110e+001
1.198105e+001 6.067384e+000 9.319288e+000
1.117036e+001 5.648532e+000 7.324864e+000
3.562930e+000 2.776722e+000 1.209549e+001
2.588268e+000 4.126580e+000 1.014333e+001
2.859786e+000 4.672429e+000 7.651038e+000
1.004276e+001 2.925148e+000 1.202565e+001
1.052350e+001 3.452186e+000 9.781687e+000
1.037857e+001 4.152615e+000 7.538240e+000
3.209752e+000 2.188084e+000 1.162292e+001
5.384894e+000 1.549189e+000 1.296509e+001
8.018443e+000 1.521325e+000 1.303112e+001
1.029978e+001 2.034395e+000 1.181745e+001
4.664363e+000 9.588646e+000 6.100164e+000
5.974398e+000 9.277045e+000 5.447325e+000
7.470360e+000 9.258380e+000 5.414265e+000
8.852884e+000 9.492176e+000 5.937012e+000
1.106604e+001 4.838842e+000 1.171447e+001
8.686137e+000 1.195110e+001 1.198361e+001
9.588451e+000 9.052616e+000 1.319086e+001
9.612786e+000 6.707484e+000 1.346691e+001
9.361650e+000 4.547750e+000 1.343263e+001
8.773697e+000 2.474698e+000 1.303520e+001
7.063229e+000 1.064268e+001 1.290123e+001
7.164875e+000 8.656842e+000 1.365969e+001
7.171687e+000 6.607564e+000 1.382898e+001
7.083311e+000 4.592520e+000 1.369928e+001
6.868330e+000 2.588894e+000 1.298450e+001
5.092154e+000 1.210076e+001 1.197839e+001
4.449179e+000 9.158374e+000 1.328791e+001
4.515309e+000 6.814774e+000 1.358800e+001
4.717477e+000 4.647207e+000 1.357547e+001
5.204022e+000 2.587256e+000 1.301275e+001
2.618291e+000 4.931827e+000 1.189823e+001
