[individuals]
1
[dimensions]
3
[landmarks]
71
[rawpoints]
'#1
8.930014e+000 4.983450e+001 1.728361e+001
2.740684e+001 4.986386e+001 1.751697e+001
1.799542e+001 4.388410e+001 1.622083e+001
1.835408e+001 3.263649e+001 2.280161e+001
1.623526e+001 2.470612e+001 2.726545e+001
1.994067e+001 2.470243e+001 2.705933e+001
1.527651e+001 5.054092e+001 1.339662e+001
2.078273e+001 5.068154e+001 1.334140e+001
1.790666e+001 5.454707e+001 1.829787e+001
1.792854e+001 5.469984e+001 2.025106e+001
1.795131e+001 5.427467e+001 2.216344e+001
1.799890e+001 5.282621e+001 2.348185e+001
1.351921e+001 5.363774e+001 1.939178e+001
1.193699e+001 5.288535e+001 1.903924e+001
1.089125e+001 5.145408e+001 1.881295e+001
1.134361e+001 4.989403e+001 1.955820e+001
2.258300e+001 5.363463e+001 1.953378e+001
2.430010e+001 5.289092e+001 1.931614e+001
2.563999e+001 5.157053e+001 1.921606e+001
2.508618e+001 4.979259e+001 1.950086e+001
9.632259e+000 4.862971e+001 2.043928e+001
8.069823e+000 4.403125e+001 1.888614e+001
1.174322e+001 4.182859e+001 1.611909e+001
1.585679e+001 3.888374e+001 1.675858e+001
2.692619e+001 4.836115e+001 2.020804e+001
2.762126e+001 4.409623e+001 1.798141e+001
2.404878e+001 4.158258e+001 1.584825e+001
2.036260e+001 3.860172e+001 1.692475e+001
9.237799e+000 4.447832e+001 2.300005e+001
8.972545e+000 4.130055e+001 1.979338e+001
1.137639e+001 3.941860e+001 1.645681e+001
2.726046e+001 4.421389e+001 2.279260e+001
2.736992e+001 4.140254e+001 1.928587e+001
2.458850e+001 3.989140e+001 1.609294e+001
1.063951e+001 4.021977e+001 2.479288e+001
1.048278e+001 3.821856e+001 2.135261e+001
1.272243e+001 3.697265e+001 1.830374e+001
2.575353e+001 4.021258e+001 2.460101e+001
2.621546e+001 3.865577e+001 2.077297e+001
2.445465e+001 3.788160e+001 1.708634e+001
1.538030e+001 3.179378e+001 2.720923e+001
1.419861e+001 3.379062e+001 2.350785e+001
1.540749e+001 3.580393e+001 1.982405e+001
2.075113e+001 3.168269e+001 2.725864e+001
2.240724e+001 3.388688e+001 2.386357e+001
2.115472e+001 3.566827e+001 2.007047e+001
1.471686e+001 2.844193e+001 2.811034e+001
1.689292e+001 2.840450e+001 2.953246e+001
1.949049e+001 2.836616e+001 2.963301e+001
2.154847e+001 2.836830e+001 2.804420e+001
1.381086e+001 4.745130e+001 1.613092e+001
1.661054e+001 4.646568e+001 1.456642e+001
1.996219e+001 4.661869e+001 1.454441e+001
2.275540e+001 4.780412e+001 1.597628e+001
2.390357e+001 3.595052e+001 2.624937e+001
2.091839e+001 5.108749e+001 2.318005e+001
2.311567e+001 4.455133e+001 2.733216e+001
2.229440e+001 3.988997e+001 2.788275e+001
2.124282e+001 3.572774e+001 2.807790e+001
1.967153e+001 3.188360e+001 2.807467e+001
1.834519e+001 4.710867e+001 2.666787e+001
1.849033e+001 4.353140e+001 2.819081e+001
1.850458e+001 3.978830e+001 2.878930e+001
1.842063e+001 3.597264e+001 2.866414e+001
1.822123e+001 3.202391e+001 2.795035e+001
1.474830e+001 5.074710e+001 2.314836e+001
1.375718e+001 4.457102e+001 2.736404e+001
1.447534e+001 3.987468e+001 2.812202e+001
1.548772e+001 3.578805e+001 2.821836e+001
1.658411e+001 3.189048e+001 2.821906e+001
1.245502e+001 3.603500e+001 2.627152e+001
