[individuals]
1
[dimensions]
3
[landmarks]
71
[rawpoints]
'#1
1.262587e+000 1.632951e+001 4.887856e+000
1.238199e+001 1.608472e+001 5.092615e+000
6.720259e+000 1.296152e+001 2.817156e+000
6.537719e+000 7.334357e+000 6.774132e+000
5.579602e+000 3.947543e+000 9.694632e+000
7.563672e+000 3.961309e+000 9.718325e+000
4.757449e+000 1.591990e+001 1.747538e+000
8.913634e+000 1.572066e+001 1.756710e+000
6.730316e+000 1.964746e+001 4.493003e+000
6.793990e+000 1.959977e+001 6.146730e+000
6.782000e+000 1.905805e+001 7.711245e+000
6.799798e+000 1.773494e+001 8.706301e+000
4.113308e+000 1.879238e+001 5.814763e+000
3.029758e+000 1.836960e+001 5.733711e+000
2.282506e+000 1.747499e+001 5.759863e+000
2.105518e+000 1.632577e+001 5.673819e+000
9.522880e+000 1.864970e+001 5.942999e+000
1.058596e+001 1.811240e+001 5.884467e+000
1.138882e+001 1.723065e+001 5.870526e+000
1.169207e+001 1.609042e+001 5.696422e+000
1.400701e+000 1.566850e+001 6.259964e+000
1.253008e+000 1.363149e+001 4.385717e+000
3.431962e+000 1.195776e+001 4.018299e+000
5.136825e+000 9.874476e+000 3.356719e+000
1.264744e+001 1.447135e+001 5.182421e+000
1.226397e+001 1.226293e+001 4.299214e+000
1.021200e+001 1.114853e+001 3.705727e+000
8.402575e+000 9.587968e+000 3.397136e+000
1.006714e+000 1.370010e+001 7.845094e+000
4.363235e-001 1.313174e+001 4.983058e+000
2.785461e+000 1.155712e+001 4.055092e+000
1.279920e+001 1.265735e+001 7.067301e+000
1.267009e+001 1.102985e+001 5.117432e+000
1.091303e+001 9.845130e+000 3.711297e+000
1.448889e+000 1.151878e+001 9.061688e+000
1.591960e+000 1.002709e+001 6.807442e+000
2.913182e+000 9.045329e+000 4.658609e+000
1.207303e+001 1.064996e+001 8.519376e+000
1.131940e+001 9.239553e+000 6.763239e+000
9.969378e+000 8.633288e+000 4.905453e+000
4.562061e+000 6.509813e+000 1.017586e+001
4.113268e+000 7.427212e+000 7.779435e+000
4.842566e+000 8.370161e+000 5.463002e+000
8.734873e+000 6.467003e+000 1.020816e+001
8.985980e+000 7.067221e+000 7.752033e+000
8.533982e+000 8.212318e+000 5.529310e+000
4.207411e+000 5.390662e+000 9.887890e+000
5.749798e+000 5.031770e+000 1.056273e+001
7.470496e+000 4.986112e+000 1.055169e+001
8.968972e+000 5.240115e+000 9.743574e+000
4.114374e+000 1.468661e+001 2.658484e+000
5.845593e+000 1.433184e+001 1.948203e+000
7.749761e+000 1.430385e+001 1.973600e+000
9.507237e+000 1.465508e+001 2.618023e+000
1.073517e+001 8.463948e+000 9.788318e+000
9.014337e+000 1.727023e+001 7.923100e+000
1.011902e+001 1.350232e+001 1.084531e+001
9.578169e+000 1.075467e+001 1.113170e+001
8.880386e+000 8.434099e+000 1.105421e+001
7.880702e+000 6.459742e+000 1.057865e+001
6.833498e+000 1.521632e+001 1.047580e+001
6.759249e+000 1.309809e+001 1.133320e+001
6.765017e+000 1.089290e+001 1.155350e+001
6.801817e+000 8.691429e+000 1.129074e+001
6.897367e+000 6.467112e+000 1.069032e+001
4.889489e+000 1.737332e+001 8.056719e+000
3.579241e+000 1.411104e+001 1.091959e+001
3.999717e+000 1.118981e+001 1.121126e+001
4.646646e+000 8.735940e+000 1.117877e+001
5.700054e+000 6.459126e+000 1.073956e+001
2.551932e+000 9.036033e+000 9.941138e+000
