[individuals]
1
[dimensions]
3
[landmarks]
71
[rawpoints]
'#1
3.732135e+000 5.209739e+001 6.545300e+000
2.302948e+001 5.225184e+001 7.442993e+000
1.331384e+001 4.610577e+001 4.466846e+000
1.320292e+001 3.302996e+001 9.422516e+000
1.102223e+001 2.628776e+001 1.525292e+001
1.501027e+001 2.593090e+001 1.501117e+001
1.000666e+001 5.251987e+001 2.727594e+000
1.699109e+001 5.289714e+001 2.998676e+000
1.363068e+001 5.600655e+001 7.851452e+000
1.339737e+001 5.599096e+001 9.937290e+000
1.335856e+001 5.563610e+001 1.200566e+001
1.338911e+001 5.406773e+001 1.340009e+001
8.556984e+000 5.474859e+001 9.509085e+000
7.176982e+000 5.436664e+001 9.587331e+000
6.619975e+000 5.304517e+001 9.587908e+000
6.518995e+000 5.161641e+001 9.518189e+000
1.792025e+001 5.521966e+001 9.419039e+000
1.943157e+001 5.474247e+001 9.098773e+000
2.035088e+001 5.343414e+001 8.863037e+000
2.008406e+001 5.183914e+001 8.868849e+000
6.266377e+000 5.061100e+001 9.169117e+000
4.890456e+000 4.651982e+001 7.664362e+000
7.478761e+000 4.387891e+001 4.977148e+000
1.021903e+001 4.030411e+001 4.197876e+000
2.059353e+001 5.008438e+001 1.078502e+001
2.055601e+001 4.739550e+001 7.278873e+000
1.845926e+001 4.408920e+001 5.230098e+000
1.635670e+001 4.031467e+001 4.304024e+000
5.244061e+000 4.783788e+001 1.168316e+001
4.056962e+000 4.548222e+001 7.845968e+000
6.685051e+000 4.329728e+001 4.683363e+000
2.099657e+001 4.716792e+001 1.264763e+001
2.303383e+001 4.524681e+001 8.661401e+000
2.006662e+001 4.330333e+001 5.322309e+000
5.767254e+000 4.390086e+001 1.324327e+001
4.466063e+000 4.123939e+001 9.712128e+000
5.783200e+000 4.012484e+001 5.437722e+000
2.032452e+001 4.317896e+001 1.386580e+001
2.197105e+001 4.064899e+001 1.023756e+001
2.074287e+001 3.947873e+001 5.833062e+000
9.870324e+000 3.324706e+001 1.425377e+001
7.856534e+000 3.543364e+001 1.099178e+001
9.110205e+000 3.722446e+001 7.158108e+000
1.630378e+001 3.317941e+001 1.436851e+001
1.852733e+001 3.560291e+001 1.130559e+001
1.737596e+001 3.703706e+001 7.205026e+000
8.841745e+000 3.062286e+001 1.463693e+001
1.151765e+001 3.068686e+001 1.667766e+001
1.488247e+001 3.060958e+001 1.671202e+001
1.749146e+001 3.038411e+001 1.459733e+001
8.740503e+000 4.989745e+001 4.719402e+000
1.167363e+001 4.946117e+001 2.778892e+000
1.520131e+001 4.968774e+001 3.030524e+000
1.812129e+001 5.025331e+001 4.957584e+000
1.869616e+001 3.842878e+001 1.441000e+001
1.627250e+001 5.217912e+001 1.300653e+001
1.735736e+001 4.537405e+001 1.563795e+001
1.682631e+001 4.080206e+001 1.548664e+001
1.610498e+001 3.669492e+001 1.561279e+001
1.480836e+001 3.309039e+001 1.517767e+001
1.321964e+001 4.788751e+001 1.524266e+001
1.327496e+001 4.390464e+001 1.618309e+001
1.331148e+001 4.010496e+001 1.609983e+001
1.326816e+001 3.652760e+001 1.580081e+001
1.317192e+001 3.311407e+001 1.520617e+001
1.043045e+001 5.227895e+001 1.283350e+001
9.089308e+000 4.573068e+001 1.551771e+001
9.559302e+000 4.111928e+001 1.546096e+001
1.024538e+001 3.697757e+001 1.558120e+001
1.142942e+001 3.311860e+001 1.510731e+001
7.278317e+000 3.909721e+001 1.430020e+001
