[individuals]
1
[dimensions]
3
[landmarks]
71
[rawpoints]
'#1
1.792774e+001 9.286108e+001 4.133125e+001
5.348508e+001 9.433838e+001 4.249644e+001
3.586879e+001 8.058861e+001 3.651138e+001
3.696217e+001 5.393985e+001 4.757597e+001
3.444609e+001 4.419138e+001 5.691514e+001
4.058981e+001 4.346079e+001 5.478262e+001
2.943234e+001 9.418965e+001 3.344977e+001
4.135578e+001 9.423548e+001 3.241167e+001
3.613361e+001 1.014217e+002 4.163036e+001
3.634530e+001 1.028535e+002 4.608769e+001
3.651424e+001 1.015700e+002 5.059171e+001
3.652776e+001 9.851461e+001 5.414494e+001
2.888540e+001 1.009575e+002 4.530838e+001
2.455097e+001 9.936037e+001 4.587547e+001
2.199280e+001 9.547613e+001 4.604864e+001
2.201730e+001 9.083466e+001 4.638964e+001
4.313008e+001 1.013183e+002 4.474249e+001
4.705230e+001 9.993559e+001 4.515387e+001
5.012097e+001 9.710819e+001 4.538758e+001
5.060767e+001 9.299693e+001 4.595763e+001
2.052285e+001 8.823383e+001 4.686815e+001
2.178639e+001 8.104988e+001 4.192022e+001
2.673126e+001 7.630898e+001 3.637337e+001
3.237492e+001 6.953909e+001 3.629097e+001
5.121836e+001 8.998006e+001 4.790548e+001
5.137241e+001 8.257028e+001 4.183837e+001
4.748177e+001 7.608844e+001 3.595684e+001
4.045728e+001 6.957932e+001 3.614765e+001
1.944525e+001 7.863190e+001 5.054967e+001
2.049568e+001 7.541265e+001 4.307940e+001
2.500933e+001 7.313165e+001 3.662227e+001
5.307748e+001 8.074602e+001 5.126886e+001
5.272907e+001 7.643425e+001 4.376447e+001
4.833460e+001 7.305212e+001 3.710989e+001
2.183736e+001 6.904598e+001 5.300784e+001
2.209170e+001 6.809035e+001 4.534673e+001
2.503544e+001 6.807816e+001 3.820523e+001
5.167294e+001 7.099107e+001 5.308691e+001
5.152000e+001 6.988284e+001 4.513332e+001
4.832123e+001 6.979774e+001 3.776693e+001
3.157910e+001 5.039938e+001 5.441732e+001
3.332323e+001 5.680730e+001 4.845626e+001
3.269216e+001 6.410963e+001 4.336613e+001
4.268760e+001 5.065268e+001 5.395540e+001
4.113864e+001 5.709374e+001 4.807243e+001
3.910734e+001 6.397845e+001 4.287785e+001
3.107022e+001 4.600857e+001 5.389201e+001
3.487482e+001 4.739169e+001 5.674866e+001
3.977998e+001 4.808605e+001 5.666400e+001
4.304517e+001 4.664680e+001 5.322675e+001
2.581516e+001 8.892482e+001 3.847394e+001
3.209857e+001 8.820808e+001 3.418089e+001
3.973874e+001 8.838157e+001 3.402722e+001
4.608149e+001 8.969481e+001 3.808594e+001
4.813519e+001 6.080807e+001 5.379745e+001
4.162004e+001 9.352993e+001 5.214854e+001
4.532751e+001 7.811179e+001 5.967316e+001
4.517184e+001 6.746857e+001 6.074160e+001
4.262314e+001 5.839870e+001 5.923294e+001
3.991996e+001 5.007718e+001 5.677429e+001
3.684217e+001 8.302717e+001 5.982148e+001
3.729069e+001 7.454136e+001 6.253652e+001
3.750914e+001 6.603232e+001 6.269565e+001
3.762208e+001 5.774650e+001 6.150428e+001
3.757533e+001 4.961291e+001 5.850334e+001
2.996487e+001 9.367410e+001 5.242710e+001
2.830889e+001 7.719019e+001 6.007051e+001
2.939471e+001 6.639394e+001 6.146931e+001
3.192345e+001 5.748397e+001 5.993326e+001
3.487267e+001 4.987132e+001 5.711959e+001
2.660624e+001 5.972295e+001 5.412127e+001
