[individuals]
1
[dimensions]
3
[landmarks]
71
[rawpoints]
'#1
8.149547e+000 1.974218e+001 2.835569e+000
1.740333e+001 1.969911e+001 9.662228e+000
1.296270e+001 1.609263e+001 5.938404e+000
9.229787e+000 1.077465e+001 1.082669e+001
5.635745e+000 7.477463e+000 1.360773e+001
7.783470e+000 7.625872e+000 1.519513e+001
1.264303e+001 2.033723e+001 2.020462e+000
1.665567e+001 2.016135e+001 4.977017e+000
1.316894e+001 2.436079e+001 6.488791e+000
1.213747e+001 2.515007e+001 7.836411e+000
1.085960e+001 2.502092e+001 9.197862e+000
1.001943e+001 2.360660e+001 1.009051e+001
9.100531e+000 2.438726e+001 5.666616e+000
7.742605e+000 2.382257e+001 4.700600e+000
7.996592e+000 2.207736e+001 4.749751e+000
7.938308e+000 2.033887e+001 5.027359e+000
1.535634e+001 2.437759e+001 8.698617e+000
1.654257e+001 2.386538e+001 9.862631e+000
1.640402e+001 2.217082e+001 1.023471e+001
1.576632e+001 2.055762e+001 1.012073e+001
7.287158e+000 2.229044e+001 6.300972e+000
5.071627e+000 1.867587e+001 4.866940e+000
7.149087e+000 1.492562e+001 3.583054e+000
1.084708e+001 1.328636e+001 5.498245e+000
1.433552e+001 2.259963e+001 1.156930e+001
1.609059e+001 1.937137e+001 1.035738e+001
1.580399e+001 1.636698e+001 7.893532e+000
1.383558e+001 1.311247e+001 7.707215e+000
3.878938e+000 1.957074e+001 7.871402e+000
4.193850e+000 1.631987e+001 5.657751e+000
6.932371e+000 1.353955e+001 5.075558e+000
1.395253e+001 2.069667e+001 1.472367e+001
1.650560e+001 1.779778e+001 1.272276e+001
1.732700e+001 1.480359e+001 9.675545e+000
3.696790e+000 1.666912e+001 9.505364e+000
4.980130e+000 1.442094e+001 7.494451e+000
7.712777e+000 1.297425e+001 6.405839e+000
1.239178e+001 1.727425e+001 1.589171e+001
1.431225e+001 1.465255e+001 1.430579e+001
1.478062e+001 1.287850e+001 1.118973e+001
5.211290e+000 1.093597e+001 1.276275e+001
6.578295e+000 1.133430e+001 9.872315e+000
8.927045e+000 1.214735e+001 7.821573e+000
8.774855e+000 1.108298e+001 1.541372e+001
1.101170e+001 1.126524e+001 1.313175e+001
1.224620e+001 1.217202e+001 1.032126e+001
4.895690e+000 9.344549e+000 1.221065e+001
5.139782e+000 9.460135e+000 1.435634e+001
6.858341e+000 9.589703e+000 1.566284e+001
9.009043e+000 9.540783e+000 1.588423e+001
1.067621e+001 1.783233e+001 3.614435e+000
1.280317e+001 1.719501e+001 4.077301e+000
1.471846e+001 1.734729e+001 5.282534e+000
1.609914e+001 1.814222e+001 6.896875e+000
1.052049e+001 1.346114e+001 1.624224e+001
1.221148e+001 2.304246e+001 1.052902e+001
1.024134e+001 1.987983e+001 1.506174e+001
9.265375e+000 1.672357e+001 1.583664e+001
8.264932e+000 1.390273e+001 1.613142e+001
7.413477e+000 1.149748e+001 1.561398e+001
8.190217e+000 2.059717e+001 1.272125e+001
7.389532e+000 1.856880e+001 1.370453e+001
6.907045e+000 1.636117e+001 1.433041e+001
6.535925e+000 1.405209e+001 1.473542e+001
6.364202e+000 1.160978e+001 1.484195e+001
8.772746e+000 2.301647e+001 8.295869e+000
4.751168e+000 1.939001e+001 1.129141e+001
4.557838e+000 1.644187e+001 1.252254e+001
4.677236e+000 1.379887e+001 1.348680e+001
5.372086e+000 1.147502e+001 1.426105e+001
3.859254e+000 1.352973e+001 1.114612e+001
