[individuals]
1
[dimensions]
3
[landmarks]
71
[rawpoints]
'#1
9.959868e+000 6.098510e+001 1.135239e+001
2.993647e+001 6.216499e+001 1.409194e+001
2.140989e+001 5.275684e+001 9.465168e+000
2.181712e+001 3.788686e+001 1.482157e+001
1.904750e+001 3.017096e+001 2.294040e+001
2.273328e+001 2.995171e+001 2.305400e+001
1.734477e+001 6.025886e+001 7.028656e+000
2.459176e+001 6.087568e+001 8.080418e+000
1.990718e+001 6.448098e+001 1.434049e+001
1.956754e+001 6.478571e+001 1.682586e+001
1.901666e+001 6.361850e+001 1.899851e+001
1.864505e+001 6.151334e+001 2.034589e+001
1.456672e+001 6.414838e+001 1.322719e+001
1.300872e+001 6.381340e+001 1.290469e+001
1.165925e+001 6.292245e+001 1.273506e+001
1.061825e+001 6.167523e+001 1.266916e+001
2.469075e+001 6.489776e+001 1.465060e+001
2.657442e+001 6.449871e+001 1.436118e+001
2.777644e+001 6.297136e+001 1.419274e+001
2.875182e+001 6.162396e+001 1.519964e+001
9.895663e+000 5.726060e+001 1.401316e+001
9.215433e+000 5.148695e+001 1.197525e+001
1.380049e+001 4.863226e+001 9.011940e+000
1.841636e+001 4.455991e+001 8.762856e+000
2.913545e+001 5.933258e+001 1.735883e+001
3.168894e+001 5.437959e+001 1.462291e+001
2.929489e+001 4.944819e+001 1.170914e+001
2.527597e+001 4.485700e+001 1.056496e+001
8.992754e+000 5.221462e+001 1.671428e+001
1.013627e+001 4.721313e+001 1.453058e+001
1.341320e+001 4.417654e+001 1.119395e+001
2.992716e+001 5.463668e+001 2.089576e+001
3.166026e+001 5.056443e+001 1.726639e+001
2.990677e+001 4.719071e+001 1.298778e+001
1.046759e+001 4.670428e+001 1.847375e+001
1.135236e+001 4.492118e+001 1.418199e+001
1.460287e+001 4.319704e+001 1.120839e+001
2.875805e+001 4.814653e+001 2.291312e+001
2.988801e+001 4.561775e+001 1.874208e+001
2.882605e+001 4.425263e+001 1.404334e+001
1.746804e+001 3.527343e+001 2.129892e+001
1.656193e+001 3.810781e+001 1.681064e+001
1.839906e+001 4.058492e+001 1.239585e+001
2.326134e+001 3.560215e+001 2.334802e+001
2.544105e+001 3.820374e+001 1.904090e+001
2.574593e+001 4.079311e+001 1.421664e+001
1.683165e+001 3.321684e+001 2.227158e+001
1.944765e+001 3.349023e+001 2.395892e+001
2.252534e+001 3.371251e+001 2.445352e+001
2.485106e+001 3.367385e+001 2.236671e+001
1.521610e+001 5.649845e+001 8.644422e+000
1.917299e+001 5.628163e+001 7.934233e+000
2.315084e+001 5.662859e+001 8.449374e+000
2.662775e+001 5.760898e+001 1.022658e+001
2.629161e+001 4.133099e+001 2.363493e+001
2.321264e+001 6.185955e+001 1.899472e+001
2.419884e+001 5.398469e+001 2.534882e+001
2.377670e+001 4.723311e+001 2.636137e+001
2.302571e+001 4.098017e+001 2.635226e+001
2.165167e+001 3.532837e+001 2.381039e+001
1.866761e+001 5.763544e+001 2.303000e+001
1.867935e+001 5.233080e+001 2.583356e+001
1.901798e+001 4.670773e+001 2.657724e+001
1.948762e+001 4.094289e+001 2.628089e+001
2.016446e+001 3.517516e+001 2.364528e+001
1.549700e+001 6.154181e+001 1.768998e+001
1.317520e+001 5.306836e+001 2.358782e+001
1.406459e+001 4.657512e+001 2.460153e+001
1.573112e+001 4.058951e+001 2.470493e+001
1.864089e+001 3.505124e+001 2.323033e+001
1.303470e+001 4.117360e+001 1.978299e+001
