[individuals]
1
[dimensions]
3
[landmarks]
71
[rawpoints]
'#1
2.064424e+000 6.299498e+001 7.175259e+000
2.174309e+001 6.275721e+001 6.642502e+000
1.190026e+001 5.409115e+001 6.493126e+000
1.223485e+001 4.101287e+001 1.248200e+001
1.099898e+001 3.328828e+001 1.990528e+001
1.445592e+001 3.323231e+001 1.929575e+001
8.256065e+000 6.189632e+001 3.105572e+000
1.513773e+001 6.157839e+001 2.835999e+000
1.183124e+001 6.635327e+001 7.596889e+000
1.189081e+001 6.704176e+001 1.029996e+001
1.189187e+001 6.653677e+001 1.304403e+001
1.187479e+001 6.441054e+001 1.485046e+001
7.297435e+000 6.652015e+001 9.730206e+000
5.343106e+000 6.609331e+001 8.897943e+000
4.484397e+000 6.415733e+001 7.931614e+000
3.532477e+000 6.274748e+001 8.980563e+000
1.677386e+001 6.646566e+001 9.707142e+000
1.820401e+001 6.612949e+001 8.684087e+000
1.941454e+001 6.509418e+001 7.954517e+000
1.965973e+001 6.328844e+001 8.133233e+000
3.812344e+000 6.191032e+001 1.197325e+001
1.405000e+000 5.635056e+001 1.056657e+001
4.892522e+000 5.261040e+001 7.026122e+000
9.049807e+000 4.798388e+001 7.016391e+000
2.023857e+001 6.214787e+001 1.143536e+001
2.232463e+001 5.691977e+001 8.704133e+000
1.805616e+001 5.291509e+001 6.493000e+000
1.462383e+001 4.768639e+001 6.652000e+000
2.981263e+000 5.635976e+001 1.554956e+001
1.723000e+000 5.328062e+001 1.142251e+001
4.660800e+000 5.086991e+001 7.726864e+000
2.180156e+001 5.658900e+001 1.445736e+001
2.280270e+001 5.293200e+001 1.049390e+001
1.903018e+001 5.092834e+001 7.052980e+000
4.149724e+000 5.080971e+001 1.708092e+001
3.040786e+000 4.945626e+001 1.280291e+001
4.794950e+000 4.892017e+001 8.560388e+000
2.082051e+001 5.103012e+001 1.620741e+001
2.146189e+001 4.920789e+001 1.188718e+001
1.902477e+001 4.895973e+001 7.837764e+000
9.708079e+000 3.969262e+001 1.843451e+001
7.471797e+000 4.231045e+001 1.485028e+001
7.793689e+000 4.464009e+001 1.047213e+001
1.533988e+001 3.991239e+001 1.794673e+001
1.711370e+001 4.242170e+001 1.419801e+001
1.588367e+001 4.433076e+001 9.915368e+000
8.740112e+000 3.603112e+001 1.957246e+001
1.133684e+001 3.605929e+001 2.122600e+001
1.439551e+001 3.601168e+001 2.087967e+001
1.640828e+001 3.606686e+001 1.855094e+001
6.670965e+000 5.883902e+001 5.380001e+000
9.989724e+000 5.895279e+001 3.949228e+000
1.359997e+001 5.907315e+001 3.790000e+000
1.702831e+001 5.917351e+001 4.935213e+000
1.888071e+001 4.547126e+001 1.747792e+001
1.611498e+001 6.342354e+001 1.274600e+001
1.767636e+001 5.594333e+001 1.883875e+001
1.681062e+001 5.017262e+001 2.005949e+001
1.600287e+001 4.479146e+001 2.069453e+001
1.406658e+001 3.966870e+001 1.945293e+001
1.245028e+001 5.971482e+001 1.836928e+001
1.265704e+001 5.488427e+001 2.063472e+001
1.264261e+001 4.985004e+001 2.143665e+001
1.273066e+001 4.473601e+001 2.155188e+001
1.260425e+001 3.944176e+001 1.972733e+001
9.081597e+000 6.322937e+001 1.341355e+001
7.944282e+000 5.592630e+001 1.965678e+001
8.428095e+000 5.006240e+001 2.060929e+001
9.344317e+000 4.464021e+001 2.110922e+001
1.101402e+001 3.954713e+001 1.966161e+001
6.211637e+000 4.511313e+001 1.816056e+001
