[individuals]
1
[dimensions]
3
[landmarks]
71
[rawpoints]
'#1
1.929878e+001 9.766127e+001 2.996909e+001
4.305455e+001 9.714185e+001 2.901576e+001
3.137185e+001 8.939650e+001 2.794359e+001
3.173761e+001 7.142109e+001 3.967201e+001
2.918381e+001 6.322979e+001 4.825933e+001
3.397298e+001 6.329289e+001 4.859521e+001
2.753748e+001 9.759662e+001 2.451112e+001
3.463048e+001 9.764485e+001 2.418518e+001
3.097972e+001 1.029505e+002 3.099603e+001
3.119848e+001 1.034226e+002 3.385376e+001
3.125608e+001 1.032310e+002 3.675160e+001
3.124774e+001 1.008460e+002 3.840939e+001
2.558970e+001 1.017168e+002 3.312026e+001
2.357741e+001 1.010975e+002 3.304981e+001
2.210648e+001 9.959215e+001 3.296194e+001
2.254499e+001 9.756464e+001 3.259516e+001
3.560440e+001 1.017627e+002 3.350222e+001
3.819290e+001 1.010920e+002 3.328223e+001
4.002618e+001 9.917080e+001 3.354321e+001
3.961988e+001 9.664446e+001 3.266872e+001
2.279635e+001 9.487149e+001 3.434887e+001
2.217837e+001 9.077717e+001 3.178504e+001
2.403366e+001 8.694756e+001 2.941641e+001
2.713454e+001 8.319886e+001 2.919013e+001
3.896687e+001 9.509708e+001 3.443084e+001
4.058398e+001 9.062508e+001 3.280359e+001
3.906153e+001 8.702818e+001 2.964051e+001
3.629541e+001 8.283952e+001 2.938927e+001
2.197220e+001 9.017758e+001 3.761274e+001
2.140117e+001 8.752379e+001 3.374554e+001
2.293154e+001 8.523581e+001 2.990531e+001
4.008438e+001 8.970791e+001 3.771864e+001
4.072715e+001 8.742238e+001 3.402185e+001
3.994832e+001 8.506148e+001 3.039952e+001
2.375284e+001 8.478819e+001 4.053324e+001
2.232246e+001 8.343011e+001 3.610835e+001
2.282099e+001 8.271984e+001 3.134227e+001
3.780441e+001 8.327652e+001 4.059430e+001
3.927878e+001 8.247138e+001 3.651834e+001
3.907031e+001 8.109293e+001 3.233607e+001
2.735080e+001 7.333752e+001 4.451405e+001
2.549820e+001 7.707822e+001 3.972379e+001
2.507857e+001 7.934213e+001 3.380193e+001
3.526488e+001 7.371992e+001 4.431153e+001
3.705061e+001 7.685170e+001 3.950496e+001
3.678993e+001 7.883073e+001 3.383751e+001
2.596176e+001 6.995214e+001 4.660075e+001
2.949409e+001 7.102534e+001 4.815627e+001
3.348603e+001 7.099503e+001 4.782186e+001
3.697882e+001 6.990955e+001 4.618729e+001
2.396864e+001 9.504613e+001 2.685237e+001
2.864278e+001 9.412346e+001 2.519823e+001
3.368451e+001 9.399324e+001 2.522302e+001
3.835899e+001 9.458833e+001 2.702017e+001
3.593617e+001 7.723509e+001 4.412381e+001
3.452219e+001 9.843018e+001 3.848502e+001
3.539077e+001 8.990225e+001 4.297425e+001
3.443132e+001 8.354820e+001 4.421051e+001
3.378059e+001 7.810104e+001 4.543729e+001
3.338673e+001 7.369334e+001 4.551117e+001
3.114744e+001 9.358054e+001 4.245608e+001
3.097183e+001 8.890903e+001 4.456387e+001
3.098087e+001 8.389794e+001 4.543980e+001
3.117456e+001 7.879218e+001 4.576799e+001
3.155290e+001 7.368460e+001 4.619476e+001
2.835465e+001 9.867632e+001 3.849910e+001
2.653789e+001 9.037518e+001 4.314698e+001
2.746587e+001 8.429921e+001 4.411293e+001
2.837319e+001 7.873834e+001 4.529352e+001
2.950086e+001 7.355856e+001 4.583049e+001
2.569476e+001 7.883691e+001 4.332623e+001
