[individuals]
1
[dimensions]
3
[landmarks]
71
[rawpoints]
'#1
9.080313e+001 -1.286357e+002 -1.858049e+003
1.261777e+002 -1.298527e+002 -1.860801e+003
1.088227e+002 -1.343504e+002 -1.845033e+003
1.100922e+002 -1.214962e+002 -1.820172e+003
1.165548e+002 -1.066430e+002 -1.804999e+003
1.068317e+002 -1.068343e+002 -1.804952e+003
1.022273e+002 -1.384440e+002 -1.859596e+003
1.141595e+002 -1.384452e+002 -1.859670e+003
1.081659e+002 -1.276843e+002 -1.868255e+003
1.079576e+002 -1.231369e+002 -1.868764e+003
1.080347e+002 -1.185793e+002 -1.868313e+003
1.082320e+002 -1.147228e+002 -1.865849e+003
1.004011e+002 -1.233173e+002 -1.866826e+003
9.688968e+001 -1.246457e+002 -1.865246e+003
9.422826e+001 -1.257006e+002 -1.862348e+003
9.357037e+001 -1.262398e+002 -1.858365e+003
1.154841e+002 -1.238966e+002 -1.868435e+003
1.189406e+002 -1.259555e+002 -1.867575e+003
1.217512e+002 -1.273402e+002 -1.864909e+003
1.236190e+002 -1.280885e+002 -1.861321e+003
9.713165e+001 -1.219888e+002 -1.854897e+003
9.210565e+001 -1.205531e+002 -1.845082e+003
9.391515e+001 -1.266760e+002 -1.835977e+003
1.025195e+002 -1.290876e+002 -1.829359e+003
1.190669e+002 -1.202963e+002 -1.858331e+003
1.261930e+002 -1.238767e+002 -1.849368e+003
1.237393e+002 -1.309794e+002 -1.840016e+003
1.189655e+002 -1.305755e+002 -1.829017e+003
9.340833e+001 -1.147192e+002 -1.845765e+003
9.147005e+001 -1.184613e+002 -1.837731e+003
9.519585e+001 -1.244333e+002 -1.832007e+003
1.244102e+002 -1.148135e+002 -1.849765e+003
1.287924e+002 -1.218416e+002 -1.843578e+003
1.255675e+002 -1.289563e+002 -1.836806e+003
9.538747e+001 -1.114734e+002 -1.836633e+003
9.546233e+001 -1.164581e+002 -1.830611e+003
9.902089e+001 -1.224703e+002 -1.827104e+003
1.250900e+002 -1.116625e+002 -1.839509e+003
1.268233e+002 -1.181643e+002 -1.835006e+003
1.242891e+002 -1.249795e+002 -1.831445e+003
1.048244e+002 -1.076646e+002 -1.818370e+003
1.020287e+002 -1.149501e+002 -1.821178e+003
1.034146e+002 -1.224142e+002 -1.824517e+003
1.187231e+002 -1.092238e+002 -1.818615e+003
1.200935e+002 -1.164447e+002 -1.821811e+003
1.186626e+002 -1.232257e+002 -1.825836e+003
1.021681e+002 -1.064278e+002 -1.813612e+003
1.085360e+002 -1.039051e+002 -1.814229e+003
1.153778e+002 -1.044936e+002 -1.814607e+003
1.217847e+002 -1.069229e+002 -1.815196e+003
9.756291e+001 -1.325483e+002 -1.853311e+003
1.043013e+002 -1.369759e+002 -1.853904e+003
1.123323e+002 -1.375812e+002 -1.854612e+003
1.193904e+002 -1.336915e+002 -1.855256e+003
1.230793e+002 -1.097790e+002 -1.828577e+003
1.133675e+002 -1.169059e+002 -1.858986e+003
1.169254e+002 -1.071394e+002 -1.847421e+003
1.180270e+002 -1.034782e+002 -1.837250e+003
1.177621e+002 -1.032700e+002 -1.827425e+003
1.163784e+002 -1.057921e+002 -1.817806e+003
1.094900e+002 -1.084844e+002 -1.853708e+003
1.097294e+002 -1.040786e+002 -1.844844e+003
1.102914e+002 -1.015607e+002 -1.836018e+003
1.113885e+002 -1.006247e+002 -1.826733e+003
1.128048e+002 -1.053047e+002 -1.817493e+003
1.044299e+002 -1.174588e+002 -1.858398e+003
1.016539e+002 -1.065870e+002 -1.845885e+003
1.024398e+002 -1.029647e+002 -1.835814e+003
1.049265e+002 -1.026503e+002 -1.826388e+003
1.086819e+002 -1.049473e+002 -1.817681e+003
9.884199e+001 -1.084867e+002 -1.826853e+003
