[individuals]
1
[dimensions]
3
[landmarks]
71
[rawpoints]
'#1
9.360800e+000 6.541053e+001 1.812349e+001
2.911920e+001 6.476258e+001 1.937128e+001
1.900801e+001 5.957831e+001 1.521394e+001
1.826846e+001 5.062188e+001 2.093471e+001
1.562977e+001 4.302964e+001 2.857235e+001
2.100711e+001 4.298172e+001 2.887030e+001
1.574010e+001 6.594648e+001 1.283452e+001
2.343944e+001 6.553578e+001 1.321142e+001
1.943947e+001 7.054523e+001 1.864095e+001
1.960875e+001 7.137106e+001 2.130213e+001
1.973180e+001 7.064433e+001 2.399468e+001
1.979357e+001 6.881494e+001 2.610223e+001
1.456996e+001 6.966890e+001 2.145723e+001
1.304401e+001 6.889590e+001 2.089094e+001
1.174936e+001 6.778893e+001 2.039801e+001
1.208247e+001 6.602208e+001 2.076253e+001
2.387072e+001 6.934811e+001 2.202200e+001
2.529149e+001 6.848084e+001 2.138177e+001
2.647830e+001 6.723624e+001 2.090960e+001
2.640854e+001 6.549785e+001 2.130168e+001
1.100649e+001 6.465867e+001 2.339106e+001
8.206761e+000 6.146611e+001 2.100209e+001
9.993010e+000 5.921708e+001 1.706613e+001
1.326185e+001 5.561118e+001 1.729032e+001
2.763503e+001 6.410963e+001 2.308900e+001
2.995040e+001 6.088576e+001 2.047824e+001
2.748639e+001 5.822060e+001 1.741269e+001
2.413195e+001 5.486858e+001 1.769894e+001
1.065159e+001 6.135374e+001 2.537730e+001
8.864850e+000 5.863020e+001 2.234944e+001
9.057906e+000 5.630167e+001 1.856556e+001
2.772774e+001 6.032360e+001 2.487333e+001
2.839517e+001 5.688451e+001 2.270565e+001
2.795771e+001 5.473184e+001 1.922063e+001
1.173891e+001 5.769573e+001 2.680178e+001
9.972971e+000 5.633911e+001 2.334809e+001
1.018938e+001 5.439634e+001 1.973364e+001
2.646699e+001 5.691784e+001 2.601302e+001
2.728331e+001 5.487800e+001 2.313830e+001
2.658316e+001 5.339305e+001 1.991377e+001
1.431064e+001 5.007109e+001 2.863799e+001
1.211860e+001 5.180095e+001 2.503556e+001
1.226641e+001 5.258249e+001 2.054766e+001
2.297540e+001 5.000200e+001 2.789437e+001
2.483355e+001 5.094692e+001 2.440603e+001
2.479375e+001 5.197585e+001 2.047505e+001
1.200636e+001 4.816255e+001 2.767775e+001
1.600533e+001 4.733197e+001 3.016101e+001
2.076900e+001 4.693810e+001 3.016136e+001
2.477994e+001 4.754531e+001 2.763285e+001
1.366665e+001 6.269226e+001 1.561206e+001
1.724052e+001 6.218542e+001 1.400547e+001
2.118953e+001 6.214442e+001 1.412360e+001
2.472119e+001 6.279507e+001 1.577122e+001
2.526089e+001 5.339560e+001 2.734483e+001
2.266711e+001 6.792578e+001 2.612396e+001
2.353579e+001 6.144554e+001 2.977405e+001
2.276985e+001 5.669398e+001 2.988454e+001
2.208799e+001 5.269046e+001 3.018344e+001
2.094604e+001 4.918785e+001 2.971578e+001
1.893935e+001 6.432468e+001 2.912180e+001
1.894912e+001 6.077810e+001 3.086171e+001
1.891765e+001 5.680141e+001 3.087720e+001
1.880114e+001 5.290979e+001 3.096506e+001
1.861029e+001 4.897735e+001 3.002470e+001
1.572512e+001 6.842394e+001 2.562203e+001
1.448386e+001 6.196387e+001 2.962237e+001
1.524897e+001 5.712521e+001 3.002250e+001
1.561904e+001 5.301062e+001 3.040030e+001
1.639488e+001 4.927262e+001 2.988376e+001
1.248421e+001 5.396104e+001 2.823665e+001
