[individuals]
1
[dimensions]
3
[landmarks]
71
[rawpoints]
'#1
1.317134e+000 2.657471e+001 8.659626e+000
2.322543e+001 2.867312e+001 1.333088e+001
1.391222e+001 2.196326e+001 5.794239e+000
1.376101e+001 1.013636e+001 1.174170e+001
1.117371e+001 1.056000e+000 1.833770e+001
1.530234e+001 9.193060e-001 1.888097e+001
9.596165e+000 2.887660e+001 2.948906e+000
1.783374e+001 2.955491e+001 4.650414e+000
1.235115e+001 3.372792e+001 1.035187e+001
1.166659e+001 3.267128e+001 1.368659e+001
1.098204e+001 3.161465e+001 1.702132e+001
1.029748e+001 3.055801e+001 2.035605e+001
5.693681e+000 3.202964e+001 1.331778e+001
5.053124e+000 3.031182e+001 1.238611e+001
4.412568e+000 2.859401e+001 1.145444e+001
3.772011e+000 2.687620e+001 1.052277e+001
1.742822e+001 3.308068e+001 1.637160e+001
1.854594e+001 3.145789e+001 1.561650e+001
1.966367e+001 2.983511e+001 1.486140e+001
2.078139e+001 2.821232e+001 1.410630e+001
2.461199e+000 2.601036e+001 1.444691e+001
9.990413e-001 2.226831e+001 1.082221e+001
3.451126e+000 2.064352e+001 6.280015e+000
7.326944e+000 1.687157e+001 6.452007e+000
1.980703e+001 2.701313e+001 1.914011e+001
2.359937e+001 2.458692e+001 1.563975e+001
2.437030e+001 2.200154e+001 1.061520e+001
2.091753e+001 1.763669e+001 9.371250e+000
2.241000e+000 2.151967e+001 1.591760e+001
1.206483e+000 1.985239e+001 1.111233e+001
2.532356e+000 1.883934e+001 6.195465e+000
2.049259e+001 2.290776e+001 1.987629e+001
2.350297e+001 2.102332e+001 1.645959e+001
2.473210e+001 1.930715e+001 1.200648e+001
3.719379e+000 1.729994e+001 1.683258e+001
3.054799e+000 1.575981e+001 1.280849e+001
3.799498e+000 1.537366e+001 8.530278e+000
1.983921e+001 1.875535e+001 2.001897e+001
2.241780e+001 1.819916e+001 1.667949e+001
2.363328e+001 1.758711e+001 1.264724e+001
7.385647e+000 8.957346e+000 1.852259e+001
5.517849e+000 1.123857e+001 1.431863e+001
5.639350e+000 1.314170e+001 9.551124e+000
1.756315e+001 1.013968e+001 1.994307e+001
1.868127e+001 1.263869e+001 1.641913e+001
1.979940e+001 1.513769e+001 1.289519e+001
6.166597e+000 6.535204e+000 1.817278e+001
1.035059e+001 4.726030e+000 2.082772e+001
1.554640e+001 5.581741e+000 2.114329e+001
2.001928e+001 7.380427e+000 1.900164e+001
8.374254e+000 2.418074e+001 5.363117e+000
1.204844e+001 2.358486e+001 4.643783e+000
1.574574e+001 2.375560e+001 5.463050e+000
1.870194e+001 2.493051e+001 7.525089e+000
1.887064e+001 1.459064e+001 2.085876e+001
1.391033e+001 3.015137e+001 2.030210e+001
1.522066e+001 2.245000e+001 2.320010e+001
1.513101e+001 1.722532e+001 2.274635e+001
1.514705e+001 1.281717e+001 2.272970e+001
1.487735e+001 8.832618e+000 2.172007e+001
1.002133e+001 2.477336e+001 2.279203e+001
1.039198e+001 2.061890e+001 2.329944e+001
1.083842e+001 1.646358e+001 2.299134e+001
1.136016e+001 1.236172e+001 2.251988e+001
1.195758e+001 8.329394e+000 2.138917e+001
6.829842e+000 2.965209e+001 1.882360e+001
5.910110e+000 2.161238e+001 2.127223e+001
6.970291e+000 1.644580e+001 2.121323e+001
7.866455e+000 1.178628e+001 2.142130e+001
9.476311e+000 8.309413e+000 2.060114e+001
5.058141e+000 1.207022e+001 1.830905e+001
