[individuals]
1
[dimensions]
3
[landmarks]
71
[rawpoints]
'#1
-1.470969e+001 1.332162e+001 -1.634484e+001
5.103472e+000 1.499920e+001 -1.900257e+001
-5.412010e+000 8.664200e+000 -2.252901e+001
-4.233487e+000 -1.497164e+000 -1.657076e+001
-5.707130e+000 -9.971374e+000 -8.536381e+000
5.526200e-002 -8.561769e+000 -8.696423e+000
-9.039232e+000 1.523727e+001 -2.413200e+001
-1.854371e+000 1.599827e+001 -2.459031e+001
-5.340237e+000 1.894383e+001 -1.836509e+001
-5.070353e+000 1.854777e+001 -1.625732e+001
-4.888451e+000 1.786625e+001 -1.421395e+001
-4.669388e+000 1.635111e+001 -1.268848e+001
-8.499010e+000 1.750751e+001 -1.604566e+001
-1.000272e+001 1.643226e+001 -1.607574e+001
-1.137780e+001 1.520347e+001 -1.620897e+001
-1.179726e+001 1.343710e+001 -1.585962e+001
-1.414211e+000 1.788834e+001 -1.693751e+001
-1.523427e-001 1.721566e+001 -1.693177e+001
1.105704e+000 1.653591e+001 -1.692649e+001
1.689869e+000 1.523075e+001 -1.692131e+001
-1.281748e+001 1.134007e+001 -1.457566e+001
-1.490555e+001 8.072004e+000 -1.602919e+001
-1.311121e+001 6.805135e+000 -1.954112e+001
-1.019875e+001 3.875505e+000 -1.984007e+001
3.481037e+000 1.262398e+001 -1.554514e+001
6.080816e+000 8.839140e+000 -1.667336e+001
4.830823e+000 5.809693e+000 -2.008181e+001
7.730710e-001 3.385009e+000 -2.019428e+001
-1.272930e+001 7.890055e+000 -1.287744e+001
-1.383257e+001 5.359866e+000 -1.543498e+001
-1.374190e+001 4.954336e+000 -1.917529e+001
3.847821e+000 9.201371e+000 -1.376961e+001
5.301321e+000 6.571330e+000 -1.624167e+001
4.381181e+000 4.671309e+000 -1.951023e+001
-1.145463e+001 4.681971e+000 -1.207972e+001
-1.209691e+001 2.930876e+000 -1.470614e+001
-1.195345e+001 2.090440e+000 -1.781257e+001
3.178469e+000 5.894124e+000 -1.286468e+001
4.700199e+000 5.184933e+000 -1.594133e+001
4.054839e+000 4.143026e+000 -1.922480e+001
-7.642146e+000 -2.027164e+000 -1.122799e+001
-9.870255e+000 -3.552410e-001 -1.382162e+001
-1.029094e+001 9.937222e-001 -1.735558e+001
4.135320e-001 -1.370789e+000 -1.167219e+001
1.689851e+000 5.243849e-002 -1.449981e+001
1.910987e+000 1.512779e+000 -1.757708e+001
-8.518741e+000 -5.627796e+000 -9.872574e+000
-5.374445e+000 -5.592452e+000 -7.892566e+000
-1.659182e+000 -5.661788e+000 -7.908484e+000
1.586096e+000 -5.520410e+000 -9.713287e+000
-1.037676e+001 1.188034e+001 -2.124285e+001
-7.129865e+000 1.135446e+001 -2.357690e+001
-3.101984e+000 1.148130e+001 -2.374096e+001
3.124390e-001 1.245687e+001 -2.182888e+001
2.070153e+000 2.547584e+000 -1.215509e+001
-1.129321e+000 1.412537e+001 -1.290820e+001
4.684661e-001 7.898438e+000 -1.003074e+001
3.802279e-001 4.385296e+000 -9.934076e+000
-2.242290e-001 1.006918e+000 -9.527793e+000
-1.583847e+000 -2.031821e+000 -1.002917e+001
-3.774978e+000 9.584084e+000 -1.055996e+001
-3.383309e+000 6.540898e+000 -9.135580e+000
-2.986460e+000 3.656972e+000 -8.772454e+000
-3.046253e+000 7.853699e-001 -8.907166e+000
-3.529663e+000 -2.379580e+000 -9.245366e+000
-8.365240e+000 1.381309e+001 -1.253535e+001
-8.641089e+000 6.515136e+000 -9.371333e+000
-7.344955e+000 3.104577e+000 -9.024045e+000
-6.384495e+000 1.880468e-001 -8.999197e+000
-5.494720e+000 -2.379380e+000 -9.824282e+000
-9.716640e+000 1.215961e+000 -1.158057e+001
