[individuals]
1
[dimensions]
3
[landmarks]
71
[rawpoints]
'#1
8.182602e+000 5.971529e+001 8.563512e+000
2.769402e+001 5.941702e+001 8.933683e+000
1.813095e+001 5.157534e+001 5.401129e+000
1.753238e+001 3.997687e+001 1.426555e+001
1.502848e+001 3.279168e+001 2.092188e+001
1.906251e+001 3.284723e+001 2.139414e+001
1.403329e+001 5.848504e+001 2.483633e+000
2.206587e+001 5.863260e+001 2.475680e+000
1.822153e+001 6.439980e+001 6.635041e+000
1.813738e+001 6.578168e+001 9.854546e+000
1.805721e+001 6.529587e+001 1.332427e+001
1.795854e+001 6.299477e+001 1.596558e+001
1.397862e+001 6.463017e+001 1.031465e+001
1.180603e+001 6.386129e+001 9.783679e+000
1.012475e+001 6.226081e+001 9.330944e+000
9.828215e+000 5.996704e+001 9.824534e+000
2.214582e+001 6.461786e+001 1.064522e+001
2.453555e+001 6.355260e+001 9.546441e+000
2.627271e+001 6.143844e+001 8.794897e+000
2.569777e+001 5.885093e+001 9.808539e+000
9.097631e+000 5.874393e+001 1.154878e+001
9.377265e+000 5.382964e+001 8.614263e+000
1.057906e+001 4.870557e+001 6.347561e+000
1.426338e+001 4.447835e+001 7.528664e+000
2.675390e+001 5.830523e+001 1.150466e+001
2.814251e+001 5.277277e+001 9.105238e+000
2.499673e+001 4.829776e+001 6.211659e+000
2.040098e+001 4.435770e+001 7.496406e+000
7.624000e+000 5.584327e+001 1.617020e+001
6.641532e+000 5.075912e+001 1.319435e+001
9.111803e+000 4.667760e+001 9.600827e+000
2.827461e+001 5.422762e+001 1.606708e+001
2.895071e+001 4.947417e+001 1.259255e+001
2.579395e+001 4.661274e+001 8.473065e+000
8.340975e+000 5.038977e+001 1.852493e+001
8.044585e+000 4.701656e+001 1.463859e+001
1.013295e+001 4.457042e+001 1.061082e+001
2.706984e+001 4.875803e+001 1.781014e+001
2.703251e+001 4.582459e+001 1.384712e+001
2.481279e+001 4.435151e+001 9.698096e+000
1.296011e+001 3.872774e+001 2.163911e+001
1.319134e+001 4.065802e+001 1.687187e+001
1.428038e+001 4.315442e+001 1.252042e+001
2.157404e+001 3.872569e+001 2.157166e+001
2.143569e+001 4.047846e+001 1.678484e+001
2.054167e+001 4.287757e+001 1.237455e+001
1.200705e+001 3.744025e+001 2.087067e+001
1.547929e+001 3.727298e+001 2.291260e+001
1.950756e+001 3.713971e+001 2.301476e+001
2.259688e+001 3.701300e+001 2.042718e+001
1.335352e+001 5.571203e+001 5.117508e+000
1.619748e+001 5.429750e+001 3.858252e+000
1.960427e+001 5.405170e+001 3.950466e+000
2.258147e+001 5.552099e+001 4.757707e+000
2.373362e+001 4.342204e+001 1.870358e+001
2.172797e+001 6.114717e+001 1.453011e+001
2.371911e+001 5.569100e+001 2.173713e+001
2.277101e+001 4.950075e+001 2.307790e+001
2.149944e+001 4.391976e+001 2.380956e+001
1.981301e+001 3.851273e+001 2.282955e+001
1.800309e+001 5.989774e+001 1.876022e+001
1.782944e+001 5.542134e+001 2.257614e+001
1.760722e+001 4.988903e+001 2.379191e+001
1.750288e+001 4.442166e+001 2.394419e+001
1.745445e+001 3.863973e+001 2.278188e+001
1.493910e+001 6.148067e+001 1.456876e+001
1.226200e+001 5.650697e+001 2.163617e+001
1.265662e+001 5.034740e+001 2.311987e+001
1.364456e+001 4.437903e+001 2.379989e+001
1.510561e+001 3.864069e+001 2.279993e+001
1.095284e+001 4.406968e+001 1.967277e+001
