[individuals]
1
[dimensions]
3
[landmarks]
71
[rawpoints]
'#1
5.700001e+000 2.894422e+001 2.199010e+001
1.857250e+001 2.725995e+001 5.497082e+000
7.625360e+000 2.051942e+001 1.081016e+001
1.432928e+001 7.639866e+000 1.754738e+001
1.567289e+001 8.032400e-001 2.462259e+001
2.246553e+001 3.327310e-001 1.908800e+001
3.585148e+000 2.762674e+001 1.212387e+001
9.034140e+000 2.749734e+001 5.492689e+000
1.077097e+001 3.350905e+001 1.229902e+001
1.305936e+001 3.508103e+001 1.402006e+001
1.581785e+001 3.462365e+001 1.570890e+001
1.776279e+001 3.266821e+001 1.745914e+001
1.175814e+001 3.384256e+001 1.803397e+001
9.236206e+000 3.308430e+001 1.932139e+001
7.131063e+000 3.145871e+001 2.054033e+001
7.609201e+000 2.855860e+001 2.052755e+001
1.696962e+001 3.329457e+001 1.120576e+001
1.740074e+001 3.222057e+001 9.113168e+000
1.762538e+001 3.035475e+001 7.634490e+000
1.810467e+001 2.803129e+001 7.334738e+000
9.312962e+000 2.840318e+001 2.304327e+001
5.651766e+000 2.356346e+001 2.156974e+001
5.718379e+000 2.027982e+001 1.625818e+001
7.350948e+000 1.440912e+001 1.489085e+001
2.026319e+001 2.664792e+001 8.227236e+000
2.023642e+001 2.044174e+001 5.342162e+000
1.450138e+001 1.675859e+001 5.964775e+000
1.059386e+001 1.357047e+001 1.059222e+001
1.197920e+001 2.448567e+001 2.763033e+001
6.798947e+000 2.032391e+001 2.588759e+001
4.404709e+000 1.818690e+001 1.981391e+001
2.479688e+001 2.140228e+001 1.017956e+001
2.124668e+001 1.731239e+001 6.841514e+000
1.545436e+001 1.468886e+001 6.643024e+000
1.407156e+001 1.865135e+001 2.824889e+001
9.002725e+000 1.608411e+001 2.577099e+001
5.724885e+000 1.417786e+001 2.086776e+001
2.601295e+001 1.658199e+001 1.396267e+001
2.195530e+001 1.404460e+001 1.010050e+001
1.622995e+001 1.273269e+001 8.278936e+000
1.825426e+001 6.500949e+000 2.642537e+001
1.376910e+001 9.512809e+000 2.373877e+001
1.065853e+001 1.135320e+001 1.890682e+001
2.376434e+001 5.926984e+000 1.878135e+001
1.967911e+001 8.225938e+000 1.538048e+001
1.503016e+001 1.083404e+001 1.311608e+001
1.641693e+001 4.300414e+000 2.670409e+001
2.026615e+001 3.356060e+000 2.515951e+001
2.290098e+001 3.286651e+000 2.182078e+001
2.366939e+001 3.710827e+000 1.765852e+001
4.933361e+000 2.530568e+001 1.579104e+001
5.077340e+000 2.469741e+001 1.142929e+001
7.798451e+000 2.435768e+001 7.980268e+000
1.209327e+001 2.435526e+001 6.996126e+000
2.570676e+001 1.168055e+001 1.773316e+001
1.910340e+001 2.977195e+001 1.416216e+001
2.607641e+001 2.301626e+001 1.742911e+001
2.607274e+001 1.657385e+001 1.965553e+001
2.513266e+001 1.107912e+001 2.097847e+001
2.335058e+001 5.487997e+000 2.116081e+001
2.098536e+001 2.743946e+001 2.044979e+001
2.329229e+001 2.250877e+001 2.287432e+001
2.351719e+001 1.683773e+001 2.379313e+001
2.299181e+001 1.141076e+001 2.394945e+001
2.168079e+001 5.815735e+000 2.329741e+001
1.474547e+001 3.006856e+001 2.006504e+001
1.897637e+001 2.432945e+001 2.670216e+001
2.006164e+001 1.768266e+001 2.739308e+001
2.060012e+001 1.161785e+001 2.695168e+001
2.015559e+001 6.045319e+000 2.505851e+001
1.591491e+001 1.220691e+001 2.751039e+001
