[individuals]
1
[dimensions]
3
[landmarks]
71
[rawpoints]
'#1
2.421536e+001 9.883774e+000 6.409608e+001
4.754211e+000 1.014414e+001 6.385649e+001
1.504073e+001 4.931425e+000 5.728795e+001
1.512869e+001 1.059792e+001 4.641118e+001
1.655702e+001 1.604524e+001 3.564790e+001
1.323363e+001 1.612098e+001 3.560690e+001
1.736448e+001 2.719423e+000 6.437556e+001
1.101314e+001 2.687508e+000 6.425127e+001
1.415229e+001 8.925470e+000 6.806478e+001
1.423303e+001 1.211282e+001 6.844057e+001
1.418010e+001 1.523531e+001 6.769561e+001
1.430321e+001 1.742681e+001 6.535271e+001
1.826621e+001 1.265623e+001 6.690921e+001
1.935320e+001 1.207840e+001 6.634438e+001
2.034236e+001 1.151725e+001 6.560868e+001
2.096227e+001 1.114058e+001 6.446486e+001
1.066969e+001 1.259341e+001 6.708778e+001
9.383613e+000 1.217024e+001 6.636397e+001
8.302335e+000 1.176141e+001 6.535365e+001
7.579917e+000 1.153822e+001 6.401756e+001
2.237378e+001 1.325356e+001 6.123629e+001
2.502376e+001 1.169957e+001 5.711811e+001
2.244475e+001 7.489403e+000 5.561597e+001
1.892591e+001 7.337561e+000 5.188041e+001
6.571703e+000 1.274623e+001 6.077209e+001
3.995038e+000 1.096487e+001 5.674262e+001
5.584517e+000 6.946701e+000 5.402512e+001
1.047932e+001 7.374149e+000 5.264576e+001
2.279907e+001 1.498036e+001 5.724115e+001
2.439854e+001 1.193918e+001 5.439544e+001
2.328834e+001 8.085067e+000 5.244118e+001
6.060556e+000 1.443074e+001 5.683696e+001
4.778067e+000 1.113039e+001 5.417842e+001
6.057946e+000 7.281671e+000 5.240645e+001
2.206189e+001 1.554670e+001 5.302459e+001
2.297851e+001 1.243385e+001 5.142998e+001
2.162225e+001 9.242474e+000 5.040559e+001
7.013875e+000 1.508360e+001 5.289794e+001
5.441396e+000 1.125982e+001 5.291215e+001
6.430130e+000 7.399727e+000 5.181040e+001
1.913214e+001 1.596030e+001 4.459320e+001
2.029638e+001 1.276957e+001 4.684148e+001
2.007421e+001 8.987969e+000 4.833814e+001
1.033619e+001 1.568896e+001 4.435608e+001
8.829834e+000 1.302675e+001 4.724548e+001
8.860957e+000 9.358681e+000 4.930703e+001
2.110737e+001 1.609966e+001 4.168007e+001
1.733160e+001 1.877244e+001 4.160015e+001
1.270519e+001 1.877489e+001 4.166658e+001
8.788662e+000 1.631623e+001 4.181736e+001
1.958508e+001 5.733313e+000 6.106823e+001
1.650321e+001 3.418325e+000 6.010680e+001
1.254879e+001 3.229924e+000 6.043870e+001
9.477978e+000 5.710131e+000 6.088551e+001
8.075476e+000 1.576615e+001 4.933129e+001
1.076350e+001 1.733118e+001 6.275047e+001
1.050638e+001 1.937418e+001 5.712102e+001
1.100994e+001 1.945454e+001 5.262125e+001
1.164637e+001 1.890347e+001 4.844898e+001
1.256344e+001 1.803854e+001 4.425807e+001
1.486433e+001 1.965012e+001 6.080563e+001
1.503553e+001 2.076050e+001 5.668222e+001
1.497684e+001 2.063960e+001 5.248272e+001
1.494134e+001 2.008300e+001 4.836510e+001
1.485515e+001 1.871314e+001 4.429887e+001
1.847183e+001 1.715270e+001 6.286681e+001
1.908247e+001 1.935931e+001 5.723603e+001
1.864219e+001 1.945982e+001 5.263011e+001
1.810468e+001 1.922514e+001 4.830675e+001
1.701509e+001 1.804289e+001 4.440937e+001
2.130304e+001 1.665802e+001 4.856389e+001
