[individuals]
1
[dimensions]
3
[landmarks]
71
[rawpoints]
'#1
8.394028e+000 6.882368e+001 1.430894e+001
2.763529e+001 6.833416e+001 1.449467e+001
1.772877e+001 6.132730e+001 1.179871e+001
1.691658e+001 5.089747e+001 1.853838e+001
1.428916e+001 4.336820e+001 2.563752e+001
1.818891e+001 4.325885e+001 2.591079e+001
1.449158e+001 6.846591e+001 8.295563e+000
2.120703e+001 6.782754e+001 8.285625e+000
1.787462e+001 7.255491e+001 1.296446e+001
1.793981e+001 7.326603e+001 1.583452e+001
1.797449e+001 7.301332e+001 1.878100e+001
1.828181e+001 7.117302e+001 2.107590e+001
1.286331e+001 7.124390e+001 1.757965e+001
1.207146e+001 7.090618e+001 1.697482e+001
1.159858e+001 7.011600e+001 1.646595e+001
1.135243e+001 6.917883e+001 1.605596e+001
2.237485e+001 7.170179e+001 1.615294e+001
2.335406e+001 7.082568e+001 1.613793e+001
2.425744e+001 6.987275e+001 1.608617e+001
2.473862e+001 6.865887e+001 1.623328e+001
1.086378e+001 6.692203e+001 1.935821e+001
7.471273e+000 6.317561e+001 1.794971e+001
8.791991e+000 5.965258e+001 1.429272e+001
1.274302e+001 5.634766e+001 1.528996e+001
2.586920e+001 6.556003e+001 1.875725e+001
2.782953e+001 6.233683e+001 1.592475e+001
2.464952e+001 5.910061e+001 1.463186e+001
2.150295e+001 5.564799e+001 1.529024e+001
9.987416e+000 6.359507e+001 2.155178e+001
8.332234e+000 5.996418e+001 2.008284e+001
8.888734e+000 5.753167e+001 1.663990e+001
2.639887e+001 6.242108e+001 2.058068e+001
2.709844e+001 5.864081e+001 1.896358e+001
2.557042e+001 5.643374e+001 1.577158e+001
1.035223e+001 5.946602e+001 2.277558e+001
8.941504e+000 5.784383e+001 2.003108e+001
9.679935e+000 5.638042e+001 1.695425e+001
2.513877e+001 5.841733e+001 2.180794e+001
2.552040e+001 5.627255e+001 1.948467e+001
2.426797e+001 5.513691e+001 1.678557e+001
1.292606e+001 5.114065e+001 2.412286e+001
1.195202e+001 5.271928e+001 2.112402e+001
1.202581e+001 5.403490e+001 1.785329e+001
2.110756e+001 5.049134e+001 2.376016e+001
2.206721e+001 5.200339e+001 2.085493e+001
2.200033e+001 5.326939e+001 1.768634e+001
1.020432e+001 4.894666e+001 2.373586e+001
1.415793e+001 4.839854e+001 2.660364e+001
1.905063e+001 4.799936e+001 2.685100e+001
2.312374e+001 4.818396e+001 2.410664e+001
1.351605e+001 6.493281e+001 1.125321e+001
1.622256e+001 6.394199e+001 9.640527e+000
1.950876e+001 6.366894e+001 9.827113e+000
2.223857e+001 6.455157e+001 1.146306e+001
2.341363e+001 5.410121e+001 2.288674e+001
2.157835e+001 6.928666e+001 2.047055e+001
2.213155e+001 6.297562e+001 2.482496e+001
2.136461e+001 5.804448e+001 2.552258e+001
2.026105e+001 5.385946e+001 2.590223e+001
1.895996e+001 5.021810e+001 2.599236e+001
1.793000e+001 6.658602e+001 2.348562e+001
1.765252e+001 6.243009e+001 2.557459e+001
1.734462e+001 5.816768e+001 2.624364e+001
1.708309e+001 5.413515e+001 2.644174e+001
1.677401e+001 5.019446e+001 2.644123e+001
1.477841e+001 6.957366e+001 2.085223e+001
1.359838e+001 6.346435e+001 2.470443e+001
1.372491e+001 5.862506e+001 2.553861e+001
1.416040e+001 5.437398e+001 2.588305e+001
1.489255e+001 5.049885e+001 2.577652e+001
1.116036e+001 5.515238e+001 2.349092e+001
