[individuals]
1
[dimensions]
3
[landmarks]
71
[rawpoints]
'#1
5.687501e+000 5.561250e+001 1.302125e+001
2.149273e+001 5.465477e+001 1.330240e+001
1.315099e+001 4.864659e+001 8.905980e+000
1.282561e+001 4.014746e+001 1.385766e+001
1.076417e+001 3.235491e+001 2.050600e+001
1.392648e+001 3.190432e+001 2.039747e+001
1.028347e+001 5.450959e+001 6.539008e+000
1.669204e+001 5.424971e+001 6.522781e+000
1.370623e+001 5.825823e+001 1.071771e+001
1.367728e+001 5.897806e+001 1.353468e+001
1.365018e+001 5.890924e+001 1.644130e+001
1.361260e+001 5.721518e+001 1.880405e+001
9.830051e+000 5.806164e+001 1.478632e+001
8.834762e+000 5.761440e+001 1.447866e+001
8.025048e+000 5.686892e+001 1.420668e+001
7.492027e+000 5.587414e+001 1.409863e+001
1.784896e+001 5.753023e+001 1.497729e+001
1.879884e+001 5.693028e+001 1.451435e+001
1.946844e+001 5.600232e+001 1.410587e+001
1.987175e+001 5.491207e+001 1.375202e+001
6.434509e+000 5.379466e+001 1.624430e+001
4.892261e+000 5.138624e+001 1.298815e+001
7.534836e+000 4.811995e+001 1.191636e+001
9.354008e+000 4.420485e+001 1.151988e+001
2.074437e+001 5.291314e+001 1.595045e+001
2.151239e+001 5.032852e+001 1.256646e+001
1.883605e+001 4.702248e+001 1.177236e+001
1.612078e+001 4.374533e+001 1.099161e+001
5.714936e+000 5.085847e+001 1.802659e+001
3.564359e+000 4.966140e+001 1.434493e+001
6.548783e+000 4.762142e+001 1.178601e+001
2.135365e+001 5.036325e+001 1.735126e+001
2.283495e+001 4.755711e+001 1.419039e+001
2.025990e+001 4.544411e+001 1.119636e+001
6.551375e+000 4.716794e+001 1.906053e+001
5.103500e+000 4.598696e+001 1.559313e+001
6.565964e+000 4.627811e+001 1.141343e+001
2.025347e+001 4.636340e+001 1.858890e+001
2.085417e+001 4.451381e+001 1.532952e+001
1.982133e+001 4.353999e+001 1.180965e+001
9.290957e+000 3.986292e+001 2.018840e+001
7.846417e+000 4.133364e+001 1.738537e+001
7.993000e+000 4.220350e+001 1.401955e+001
1.674510e+001 3.934061e+001 1.989739e+001
1.779492e+001 4.032367e+001 1.666034e+001
1.767605e+001 4.163117e+001 1.337046e+001
7.114671e+000 3.771302e+001 1.979737e+001
1.053279e+001 3.670798e+001 2.216456e+001
1.478556e+001 3.625026e+001 2.217892e+001
1.834787e+001 3.686915e+001 1.989348e+001
9.643510e+000 5.210152e+001 9.084598e+000
1.182811e+001 5.098558e+001 7.350160e+000
1.482923e+001 5.088187e+001 7.252895e+000
1.713495e+001 5.188454e+001 8.897330e+000
1.874560e+001 4.191874e+001 1.991802e+001
1.756908e+001 5.519239e+001 1.813284e+001
1.759492e+001 5.026670e+001 2.144666e+001
1.673266e+001 4.608035e+001 2.194991e+001
1.593995e+001 4.216521e+001 2.201172e+001
1.561006e+001 3.862080e+001 2.197148e+001
1.376507e+001 5.321182e+001 2.037182e+001
1.333391e+001 4.981802e+001 2.220606e+001
1.310746e+001 4.615072e+001 2.271564e+001
1.299983e+001 4.245292e+001 2.272422e+001
1.305433e+001 3.863873e+001 2.200859e+001
1.009366e+001 5.593999e+001 1.817732e+001
9.151826e+000 5.077008e+001 2.141784e+001
9.719649e+000 4.650760e+001 2.193947e+001
1.029042e+001 4.262925e+001 2.209822e+001
1.125339e+001 3.903503e+001 2.191258e+001
7.456050e+000 4.311414e+001 2.043153e+001
