[individuals]
1
[dimensions]
3
[landmarks]
71
[rawpoints]
'#1
-1.916560e+001 9.355193e+001 -1.030113e+003
1.254659e+001 9.528439e+001 -1.033286e+003
-3.902763e+000 7.727953e+001 -1.039613e+003
3.611580e-001 4.570866e+001 -1.022233e+003
-2.549767e+000 3.238668e+001 -1.006996e+003
9.022585e+000 3.263076e+001 -1.008491e+003
-1.530636e+001 9.778058e+001 -1.044257e+003
4.631429e+000 9.830914e+001 -1.045688e+003
-3.311502e+000 1.044069e+002 -1.033076e+003
-2.554468e+000 1.056075e+002 -1.026593e+003
-1.987261e+000 1.032986e+002 -1.020396e+003
-1.728193e+000 9.870662e+001 -1.015612e+003
-1.307266e+001 1.032350e+002 -1.028992e+003
-1.676522e+001 1.031922e+002 -1.027168e+003
-1.930328e+001 1.001645e+002 -1.026002e+003
-1.862690e+001 9.634811e+001 -1.024609e+003
6.414658e+000 1.045762e+002 -1.031172e+003
1.057773e+001 1.040882e+002 -1.030993e+003
1.330683e+001 1.010203e+002 -1.030131e+003
1.278014e+001 9.705746e+001 -1.028858e+003
-1.609333e+001 9.180187e+001 -1.021673e+003
-2.113386e+001 8.244968e+001 -1.023174e+003
-2.133623e+001 7.423711e+001 -1.030077e+003
-1.518728e+001 6.561786e+001 -1.031816e+003
1.321154e+001 9.171977e+001 -1.026581e+003
1.679095e+001 8.230699e+001 -1.028044e+003
1.637491e+001 7.415762e+001 -1.034125e+003
1.116458e+001 6.541790e+001 -1.033970e+003
-2.028477e+001 7.882712e+001 -1.012452e+003
-2.210220e+001 7.373532e+001 -1.019985e+003
-2.288891e+001 6.902055e+001 -1.027931e+003
1.996635e+001 7.824430e+001 -1.018813e+003
1.938727e+001 7.395917e+001 -1.025895e+003
1.847609e+001 6.906895e+001 -1.032536e+003
-1.988068e+001 6.593114e+001 -1.007609e+003
-2.168042e+001 6.444875e+001 -1.016045e+003
-1.997322e+001 6.420730e+001 -1.024625e+003
2.140444e+001 6.659794e+001 -1.015551e+003
1.929993e+001 6.523147e+001 -1.022299e+003
1.594522e+001 6.464384e+001 -1.028642e+003
-4.050179e+000 4.371559e+001 -1.012268e+003
-9.272833e+000 5.050232e+001 -1.018407e+003
-1.188645e+001 5.794182e+001 -1.025396e+003
7.316311e+000 4.475282e+001 -1.012719e+003
9.915099e+000 5.108561e+001 -1.020052e+003
9.907794e+000 5.845211e+001 -1.026862e+003
-5.626549e+000 3.715903e+001 -1.009535e+003
1.868739e-001 3.922515e+001 -1.007529e+003
6.562545e+000 3.944254e+001 -1.008774e+003
1.070105e+001 3.664452e+001 -1.012925e+003
-1.514671e+001 8.910851e+001 -1.036492e+003
-9.408542e+000 8.612560e+001 -1.042498e+003
-6.547400e-001 8.611914e+001 -1.043624e+003
6.743851e+000 8.935751e+001 -1.040065e+003
1.681723e+001 5.639518e+001 -1.014424e+003
4.186953e+000 9.428590e+001 -1.017502e+003
1.038926e+001 7.669613e+001 -1.007568e+003
1.105221e+001 6.458962e+001 -1.006411e+003
9.041697e+000 5.417555e+001 -1.007413e+003
4.979783e+000 4.464255e+001 -1.009494e+003
-2.640374e-001 8.411337e+001 -1.006776e+003
4.091817e-001 7.375219e+001 -1.002846e+003
1.002527e+000 6.370764e+001 -1.001586e+003
1.663105e+000 5.388718e+001 -1.005457e+003
1.996264e+000 4.428741e+001 -1.009061e+003
-7.192982e+000 9.358221e+001 -1.017214e+003
-9.765627e+000 7.645914e+001 -1.005390e+003
-8.589533e+000 6.426182e+001 -1.003799e+003
-5.589478e+000 5.353020e+001 -1.005549e+003
-1.385999e+000 4.405588e+001 -1.009034e+003
-1.372260e+001 5.469522e+001 -1.007963e+003
