[individuals]
1
[dimensions]
3
[landmarks]
71
[rawpoints]
'#1
1.327200e+001 -1.188305e+002 -2.515091e+002
-1.611886e+001 -1.181064e+002 -2.494128e+002
-1.155210e+000 -1.109344e+002 -2.380314e+002
-4.619620e-001 -1.281379e+002 -2.013529e+002
3.482826e+000 -1.423141e+002 -1.858086e+002
-6.675469e+000 -1.422405e+002 -1.854165e+002
7.660883e+000 -1.085247e+002 -2.529391e+002
-1.067448e+001 -1.088588e+002 -2.537508e+002
-2.282281e+000 -1.214648e+002 -2.594184e+002
-2.706730e+000 -1.265704e+002 -2.594340e+002
-3.115431e+000 -1.316269e+002 -2.587179e+002
-3.579779e+000 -1.365362e+002 -2.573283e+002
6.028907e+000 -1.294321e+002 -2.608810e+002
1.106743e+001 -1.281690e+002 -2.595386e+002
1.401897e+001 -1.271975e+002 -2.551653e+002
1.387811e+001 -1.257147e+002 -2.500113e+002
-1.276355e+001 -1.285558e+002 -2.594198e+002
-1.644132e+001 -1.263812e+002 -2.578771e+002
-1.857896e+001 -1.249671e+002 -2.542067e+002
-1.769257e+001 -1.229229e+002 -2.501483e+002
1.062445e+001 -1.327578e+002 -2.457897e+002
1.849841e+001 -1.304455e+002 -2.357646e+002
2.027173e+001 -1.221604e+002 -2.259621e+002
1.190225e+001 -1.209916e+002 -2.161421e+002
-1.677537e+001 -1.324787e+002 -2.446311e+002
-2.276653e+001 -1.281931e+002 -2.339726e+002
-2.069556e+001 -1.176925e+002 -2.266700e+002
-1.368518e+001 -1.190590e+002 -2.158596e+002
1.837900e+001 -1.412369e+002 -2.316883e+002
2.138161e+001 -1.327643e+002 -2.263286e+002
2.099777e+001 -1.253209e+002 -2.189809e+002
-2.191943e+001 -1.395225e+002 -2.327400e+002
-2.519253e+001 -1.310020e+002 -2.258890e+002
-2.347148e+001 -1.205978e+002 -2.215255e+002
1.828541e+001 -1.436736e+002 -2.171538e+002
1.762879e+001 -1.361598e+002 -2.132695e+002
1.524336e+001 -1.280323e+002 -2.127887e+002
-2.322992e+001 -1.419626e+002 -2.207393e+002
-2.451619e+001 -1.326204e+002 -2.187948e+002
-2.213571e+001 -1.236621e+002 -2.161879e+002
5.696434e+000 -1.376663e+002 -1.973220e+002
8.373767e+000 -1.318001e+002 -2.031516e+002
9.581257e+000 -1.269806e+002 -2.102847e+002
-9.259068e+000 -1.362402e+002 -1.969275e+002
-1.120991e+001 -1.304991e+002 -2.032282e+002
-1.160865e+001 -1.256372e+002 -2.104852e+002
8.095963e+000 -1.371906e+002 -1.923067e+002
2.832462e+000 -1.419309e+002 -1.927435e+002
-4.249281e+000 -1.423380e+002 -1.929749e+002
-9.897071e+000 -1.380887e+002 -1.923328e+002
9.882352e+000 -1.150318e+002 -2.447816e+002
3.661135e+000 -1.087002e+002 -2.445179e+002
-5.168177e+000 -1.087469e+002 -2.435656e+002
-1.235495e+001 -1.139129e+002 -2.442937e+002
-2.007516e+001 -1.411331e+002 -2.087770e+002
-8.754289e+000 -1.356818e+002 -2.455773e+002
-1.308250e+001 -1.454366e+002 -2.294137e+002
-1.397758e+001 -1.483094e+002 -2.178379e+002
-1.096857e+001 -1.451256e+002 -2.068645e+002
-5.731083e+000 -1.416063e+002 -1.964707e+002
-2.710689e+000 -1.447356e+002 -2.359746e+002
-3.071255e+000 -1.468781e+002 -2.258651e+002
-2.974649e+000 -1.478176e+002 -2.160244e+002
-2.576208e+000 -1.464765e+002 -2.061431e+002
-1.820814e+000 -1.431281e+002 -1.963324e+002
5.090661e+000 -1.361103e+002 -2.459092e+002
8.398205e+000 -1.472583e+002 -2.290358e+002
8.204622e+000 -1.490658e+002 -2.151659e+002
5.742740e+000 -1.461005e+002 -2.048009e+002
1.809287e+000 -1.416700e+002 -1.967134e+002
1.349285e+001 -1.422119e+002 -2.034856e+002
