[individuals]
1
[dimensions]
3
[landmarks]
71
[rawpoints]
'#1
-1.119925e+001 5.517714e+001 -8.788902e+002
2.429736e+001 5.541585e+001 -8.823601e+002
4.171808e+000 4.784097e+001 -8.958944e+002
3.761778e+000 1.315369e+001 -9.047902e+002
-1.727211e+000 -5.554066e+000 -9.020565e+002
8.401636e+000 -4.662089e+000 -9.028486e+002
-4.403156e+000 6.645815e+001 -8.867418e+002
1.515645e+001 6.717925e+001 -8.886993e+002
7.143417e+000 6.508455e+001 -8.737581e+002
7.453369e+000 6.064807e+001 -8.683557e+002
7.705130e+000 5.510786e+001 -8.640882e+002
7.706264e+000 4.833057e+001 -8.658292e+002
-3.915524e+000 6.182433e+001 -8.709487e+002
-7.865355e+000 6.160730e+001 -8.715103e+002
-9.988142e+000 5.863621e+001 -8.731325e+002
-1.001808e+001 5.508299e+001 -8.749594e+002
1.727317e+001 6.191473e+001 -8.725843e+002
2.055752e+001 6.143061e+001 -8.741381e+002
2.310838e+001 5.957342e+001 -8.760033e+002
2.358339e+001 5.653556e+001 -8.779985e+002
-1.012994e+001 4.890216e+001 -8.799993e+002
-1.577645e+001 4.317752e+001 -8.858712e+002
-1.307582e+001 3.983823e+001 -8.948547e+002
-7.109233e+000 3.342849e+001 -8.995931e+002
2.167738e+001 4.847161e+001 -8.805525e+002
2.589935e+001 4.643816e+001 -8.890068e+002
2.105220e+001 4.257790e+001 -8.964265e+002
1.588428e+001 3.597023e+001 -9.012296e+002
-1.551564e+001 3.710861e+001 -8.792116e+002
-1.660869e+001 3.650838e+001 -8.874775e+002
-1.399712e+001 3.555748e+001 -8.953618e+002
2.670706e+001 4.292167e+001 -8.810304e+002
2.689026e+001 4.240689e+001 -8.899078e+002
2.259792e+001 4.040189e+001 -8.974356e+002
-1.571231e+001 2.610088e+001 -8.830628e+002
-1.484792e+001 2.862209e+001 -8.896685e+002
-1.270618e+001 3.069404e+001 -8.961384e+002
2.814457e+001 3.118826e+001 -8.862790e+002
2.711745e+001 3.273695e+001 -8.934099e+002
2.278202e+001 3.447762e+001 -8.991091e+002
-2.942471e+000 7.629436e+000 -8.980388e+002
-4.760816e+000 1.616922e+001 -8.985822e+002
-5.379261e+000 2.489344e+001 -8.987615e+002
1.124204e+001 8.312641e+000 -9.005033e+002
1.303152e+001 1.750410e+001 -9.008336e+002
1.401082e+001 2.681723e+001 -9.005117e+002
-4.673502e+000 1.184315e+000 -9.002687e+002
1.076317e+000 2.015803e-001 -8.967679e+002
7.748962e+000 6.751525e-001 -8.980082e+002
1.255370e+001 1.780568e+000 -9.026959e+002
-5.799362e+000 5.652882e+001 -8.891223e+002
5.272977e-001 5.732908e+001 -8.932045e+002
8.026071e+000 5.730066e+001 -8.942527e+002
1.518744e+001 5.746288e+001 -8.917997e+002
2.279664e+001 1.864559e+001 -8.936425e+002
1.367379e+001 4.598618e+001 -8.721004e+002
1.885404e+001 2.984646e+001 -8.742534e+002
1.883688e+001 2.013909e+001 -8.800801e+002
1.478249e+001 1.327142e+001 -8.881871e+002
9.047314e+000 5.790129e+000 -8.951385e+002
7.696521e+000 3.417804e+001 -8.695579e+002
7.710719e+000 2.532590e+001 -8.737010e+002
7.346204e+000 1.763339e+001 -8.791221e+002
6.607084e+000 1.126512e+001 -8.859801e+002
5.380196e+000 5.297432e+000 -8.933658e+002
1.898053e+000 4.555693e+001 -8.708411e+002
-5.471422e+000 2.675772e+001 -8.721577e+002
-5.341697e+000 1.801898e+001 -8.786057e+002
-1.786706e+000 1.182659e+001 -8.867064e+002
1.446818e+000 5.586754e+000 -8.939448e+002
-1.071807e+001 1.640479e+001 -8.898675e+002
