[individuals]
1
[dimensions]
3
[landmarks]
71
[rawpoints]
'#1
-6.450455e+000 2.906805e+001 -8.721429e+002
2.974752e+001 3.018317e+001 -8.727058e+002
1.207010e+001 1.966598e+001 -8.853892e+002
1.316906e+001 -1.553358e+001 -8.876727e+002
1.050757e+001 -3.746719e+001 -8.835283e+002
1.927128e+001 -3.710757e+001 -8.839151e+002
9.626770e-001 3.946216e+001 -8.808559e+002
2.125871e+001 4.131195e+001 -8.817754e+002
1.050079e+001 4.078358e+001 -8.644001e+002
1.032140e+001 3.776057e+001 -8.589708e+002
9.933247e+000 3.391410e+001 -8.541022e+002
1.133638e+001 2.786007e+001 -8.539415e+002
1.705537e+000 3.789314e+001 -8.614339e+002
-2.177811e+000 3.744108e+001 -8.628279e+002
-5.266787e+000 3.532560e+001 -8.646198e+002
-5.741180e+000 3.142612e+001 -8.659598e+002
2.198160e+001 3.855330e+001 -8.618312e+002
2.573554e+001 3.854357e+001 -8.633787e+002
2.869057e+001 3.631115e+001 -8.650438e+002
2.948120e+001 3.246537e+001 -8.660788e+002
-2.958771e+000 2.433907e+001 -8.621255e+002
-8.392968e+000 1.914144e+001 -8.716036e+002
-7.581099e+000 1.354856e+001 -8.823007e+002
-1.600614e+000 3.671623e+000 -8.859132e+002
2.828397e+001 2.673110e+001 -8.646957e+002
3.116449e+001 2.308829e+001 -8.753762e+002
2.895022e+001 1.583372e+001 -8.842148e+002
2.585308e+001 4.914132e+000 -8.868248e+002
-8.247583e+000 1.426881e+001 -8.627667e+002
-9.589122e+000 1.117338e+001 -8.719614e+002
-8.795350e+000 8.502557e+000 -8.813505e+002
3.360271e+001 1.942270e+001 -8.678163e+002
3.478205e+001 1.615581e+001 -8.765196e+002
3.153937e+001 1.188578e+001 -8.842043e+002
-1.040438e+001 9.766770e-001 -8.651616e+002
-1.002875e+001 9.846697e-001 -8.735297e+002
-8.319324e+000 9.280950e-001 -8.817301e+002
3.770326e+001 7.114077e+000 -8.688547e+002
3.715793e+001 6.293597e+000 -8.769784e+002
3.362376e+001 5.153445e+000 -8.842709e+002
7.459158e+000 -2.367266e+001 -8.794791e+002
3.390816e+000 -1.491726e+001 -8.817568e+002
1.846484e+000 -5.224800e+000 -8.831979e+002
2.096073e+001 -2.247039e+001 -8.802479e+002
2.420341e+001 -1.365406e+001 -8.824595e+002
2.393755e+001 -4.154069e+000 -8.841355e+002
4.414471e+000 -2.845930e+001 -8.830466e+002
1.033322e+001 -3.078111e+001 -8.790053e+002
1.781730e+001 -3.002856e+001 -8.785861e+002
2.384161e+001 -2.848872e+001 -8.828392e+002
7.936330e-001 2.946955e+001 -8.814028e+002
7.790239e+000 2.910930e+001 -8.847533e+002
1.554693e+001 2.919030e+001 -8.851204e+002
2.252820e+001 3.070516e+001 -8.820745e+002
3.423865e+001 -7.430527e+000 -8.717884e+002
1.840423e+001 2.438454e+001 -8.584384e+002
2.612076e+001 4.967227e+000 -8.561854e+002
2.764853e+001 -6.893847e+000 -8.604487e+002
2.417867e+001 -1.635068e+001 -8.678914e+002
1.782471e+001 -2.495730e+001 -8.768077e+002
1.440627e+001 9.352790e+000 -8.529075e+002
1.392078e+001 -1.300849e+000 -8.554477e+002
1.374368e+001 -1.079941e+001 -8.599041e+002
1.379940e+001 -1.818752e+001 -8.676119e+002
1.427289e+001 -2.569321e+001 -8.758784e+002
6.042064e+000 2.357362e+001 -8.575425e+002
1.892971e+000 3.189317e+000 -8.554055e+002
8.715093e-001 -9.655468e+000 -8.594041e+002
4.822395e+000 -1.748757e+001 -8.681651e+002
1.082663e+001 -2.542722e+001 -8.765993e+002
-5.373843e+000 -1.193122e+001 -8.707534e+002
