[individuals]
1
[dimensions]
3
[landmarks]
71
[rawpoints]
'#1
1.889499e+000 4.168353e+001 3.986065e+000
1.449492e+001 4.174485e+001 3.727791e+000
7.966280e+000 3.890919e+001 1.817986e+000
8.072025e+000 2.817401e+001 6.187174e+000
6.250710e+000 2.428515e+001 9.719425e+000
1.016785e+001 2.428452e+001 9.573311e+000
5.759898e+000 4.300671e+001 1.597181e+000
1.008226e+001 4.314917e+001 1.654259e+000
8.226560e+000 4.487674e+001 5.839193e+000
8.231712e+000 4.465128e+001 7.165018e+000
8.245878e+000 4.405259e+001 8.369199e+000
8.226265e+000 4.288468e+001 9.035712e+000
5.230498e+000 4.402096e+001 6.009375e+000
4.175714e+000 4.345706e+001 5.869152e+000
3.329254e+000 4.260282e+001 5.805783e+000
3.269194e+000 4.140805e+001 5.667431e+000
1.058362e+001 4.403561e+001 6.215597e+000
1.177703e+001 4.367786e+001 6.010000e+000
1.267017e+001 4.280724e+001 5.812623e+000
1.301364e+001 4.165593e+001 5.424080e+000
2.644156e+000 3.967051e+001 6.582916e+000
1.433277e+000 3.769003e+001 5.226613e+000
3.205986e+000 3.665914e+001 3.487793e+000
4.972976e+000 3.483808e+001 2.599251e+000
1.370616e+001 3.936438e+001 5.945446e+000
1.483599e+001 3.773403e+001 4.311640e+000
1.286628e+001 3.642513e+001 3.304949e+000
1.107075e+001 3.471431e+001 2.631313e+000
2.831466e+000 3.705184e+001 7.680202e+000
2.114177e+000 3.617405e+001 5.568297e+000
2.782222e+000 3.537759e+001 3.408351e+000
1.350786e+001 3.694080e+001 7.057686e+000
1.383597e+001 3.561132e+001 5.379388e+000
1.305400e+001 3.500193e+001 3.453442e+000
3.777069e+000 3.443338e+001 8.322308e+000
3.219059e+000 3.411050e+001 6.201804e+000
3.432400e+000 3.407151e+001 3.996068e+000
1.249737e+001 3.431792e+001 7.806322e+000
1.293511e+001 3.412846e+001 5.839416e+000
1.254297e+001 3.405742e+001 3.854973e+000
5.904909e+000 2.900996e+001 9.381111e+000
4.809700e+000 3.084326e+001 7.167411e+000
4.651151e+000 3.251706e+001 4.591751e+000
1.035064e+001 2.908314e+001 9.203022e+000
1.141761e+001 3.088804e+001 7.091436e+000
1.136779e+001 3.248757e+001 4.582746e+000
5.518586e+000 2.679932e+001 9.483173e+000
7.207350e+000 2.705703e+001 1.105405e+001
9.524301e+000 2.711059e+001 1.093374e+001
1.083401e+001 2.671080e+001 9.060143e+000
4.747160e+000 4.068107e+001 2.275595e+000
6.918447e+000 4.030634e+001 1.357154e+000
9.304049e+000 4.031491e+001 1.439369e+000
1.141947e+001 4.082177e+001 2.422537e+000
1.151726e+001 3.161545e+001 8.418183e+000
1.035728e+001 4.123941e+001 8.797787e+000
1.077517e+001 3.707207e+001 9.870262e+000
1.033251e+001 3.416256e+001 9.853563e+000
9.852656e+000 3.157540e+001 1.004631e+001
9.196979e+000 2.931825e+001 1.004034e+001
8.153388e+000 3.910390e+001 9.579185e+000
8.096338e+000 3.662992e+001 1.014007e+001
8.075181e+000 3.415036e+001 1.031228e+001
7.992741e+000 3.168504e+001 1.033662e+001
8.080569e+000 2.920896e+001 9.769246e+000
6.133504e+000 4.139488e+001 8.862866e+000
5.395787e+000 3.714953e+001 9.914063e+000
5.862818e+000 3.422849e+001 9.941387e+000
6.214402e+000 3.158533e+001 1.007029e+001
6.511864e+000 2.925431e+001 1.003157e+001
4.868196e+000 3.168603e+001 8.918779e+000
