[individuals]
1
[dimensions]
3
[landmarks]
71
[rawpoints]
'#1
7.721247e+000 5.430307e+001 1.750109e+001
2.714528e+001 5.416231e+001 1.668025e+001
1.709806e+001 4.704725e+001 1.200055e+001
1.701008e+001 3.411819e+001 1.860246e+001
1.437108e+001 2.634023e+001 2.261867e+001
1.887088e+001 2.634563e+001 2.228210e+001
1.364209e+001 5.458339e+001 1.164162e+001
2.079082e+001 5.443539e+001 1.165555e+001
1.739158e+001 5.886362e+001 1.833366e+001
1.747400e+001 5.860321e+001 2.096820e+001
1.755057e+001 5.752369e+001 2.338573e+001
1.764040e+001 5.539276e+001 2.495621e+001
1.219145e+001 5.743282e+001 1.947970e+001
1.046083e+001 5.665113e+001 1.948239e+001
9.771850e+000 5.488180e+001 1.951522e+001
9.602158e+000 5.305347e+001 1.999945e+001
2.204870e+001 5.740692e+001 1.943440e+001
2.381504e+001 5.693465e+001 1.888806e+001
2.440495e+001 5.513500e+001 1.863787e+001
2.389289e+001 5.331515e+001 1.890446e+001
8.837004e+000 5.170606e+001 1.992711e+001
7.330608e+000 4.805243e+001 1.729764e+001
1.035849e+001 4.628244e+001 1.409904e+001
1.405176e+001 4.337239e+001 1.344857e+001
2.531450e+001 5.114557e+001 2.085761e+001
2.581870e+001 4.929901e+001 1.660559e+001
2.308753e+001 4.661602e+001 1.394349e+001
2.027606e+001 4.294952e+001 1.331293e+001
7.649660e+000 4.685675e+001 2.175502e+001
7.482997e+000 4.558805e+001 1.750823e+001
9.743719e+000 4.432162e+001 1.390852e+001
2.633004e+001 4.752375e+001 2.317698e+001
2.737145e+001 4.558146e+001 1.859463e+001
2.507872e+001 4.434711e+001 1.422717e+001
8.602283e+000 4.216203e+001 2.268965e+001
8.951233e+000 4.175486e+001 1.875615e+001
1.108149e+001 4.161414e+001 1.540944e+001
2.482452e+001 4.240531e+001 2.397617e+001
2.527692e+001 4.108925e+001 1.985246e+001
2.287111e+001 4.102055e+001 1.622623e+001
1.297755e+001 3.263415e+001 2.411637e+001
1.304878e+001 3.618298e+001 2.046507e+001
1.384912e+001 4.017577e+001 1.740756e+001
2.040054e+001 3.275646e+001 2.400899e+001
2.038991e+001 3.620345e+001 2.043009e+001
2.031637e+001 4.016016e+001 1.742503e+001
1.100902e+001 3.012589e+001 2.322029e+001
1.456825e+001 3.027331e+001 2.527964e+001
1.868178e+001 3.036642e+001 2.527270e+001
2.226842e+001 2.993349e+001 2.330330e+001
1.252424e+001 5.186601e+001 1.376874e+001
1.548675e+001 5.069093e+001 1.204162e+001
1.911106e+001 5.072522e+001 1.198811e+001
2.207688e+001 5.184738e+001 1.374418e+001
2.321380e+001 3.738365e+001 2.463231e+001
2.005492e+001 5.251857e+001 2.359069e+001
2.177069e+001 4.558154e+001 2.683887e+001
2.104274e+001 4.054501e+001 2.657453e+001
2.037028e+001 3.600283e+001 2.644481e+001
1.903477e+001 3.207470e+001 2.486715e+001
1.722294e+001 4.814771e+001 2.606051e+001
1.707486e+001 4.402239e+001 2.728380e+001
1.697030e+001 3.992265e+001 2.703223e+001
1.694921e+001 3.591620e+001 2.633096e+001
1.695534e+001 3.205845e+001 2.459737e+001
1.512181e+001 5.254585e+001 2.383958e+001
1.212258e+001 4.543549e+001 2.669332e+001
1.251730e+001 4.032652e+001 2.649721e+001
1.341271e+001 3.587584e+001 2.622939e+001
1.485488e+001 3.199300e+001 2.495885e+001
1.109522e+001 3.742630e+001 2.326414e+001
