[individuals]
1
[dimensions]
3
[landmarks]
71
[rawpoints]
'#1
7.012110e+001 -8.825887e+001 -1.993833e+002
1.111289e+002 -9.395314e+001 -1.983995e+002
8.949789e+001 -1.008432e+002 -1.803345e+002
9.194860e+001 -8.222269e+001 -1.539402e+002
9.042718e+001 -6.953340e+001 -1.386567e+002
9.878106e+001 -7.072592e+001 -1.387232e+002
8.167630e+001 -1.058691e+002 -1.984484e+002
9.580112e+001 -1.077285e+002 -1.983321e+002
9.015803e+001 -9.644177e+001 -2.081562e+002
9.108995e+001 -8.896462e+001 -2.088049e+002
9.147301e+001 -8.142117e+001 -2.084219e+002
9.169734e+001 -7.558980e+001 -2.036115e+002
8.120415e+001 -8.522004e+001 -2.082194e+002
7.746067e+001 -8.581345e+001 -2.062124e+002
7.523572e+001 -8.619361e+001 -2.025655e+002
7.519920e+001 -8.666773e+001 -1.983029e+002
1.007715e+002 -8.799762e+001 -2.075374e+002
1.038467e+002 -8.902332e+001 -2.054699e+002
1.059112e+002 -8.979908e+001 -2.023202e+002
1.060508e+002 -9.071626e+001 -1.985887e+002
7.505180e+001 -8.199903e+001 -1.952359e+002
7.312720e+001 -8.983775e+001 -1.869972e+002
7.629924e+001 -9.657138e+001 -1.781871e+002
8.198743e+001 -9.745290e+001 -1.681927e+002
1.078136e+002 -8.505505e+001 -1.958410e+002
1.097064e+002 -9.343594e+001 -1.860186e+002
1.056128e+002 -9.976099e+001 -1.753633e+002
9.612149e+001 -9.739752e+001 -1.667244e+002
7.207422e+001 -7.336162e+001 -1.843085e+002
6.894920e+001 -8.285899e+001 -1.782281e+002
7.227333e+001 -9.238308e+001 -1.722973e+002
1.126914e+002 -8.079258e+001 -1.866108e+002
1.131009e+002 -8.923892e+001 -1.777214e+002
1.080003e+002 -9.707388e+001 -1.697760e+002
7.499535e+001 -7.037729e+001 -1.723285e+002
7.463153e+001 -7.956316e+001 -1.671174e+002
7.617632e+001 -8.959431e+001 -1.641752e+002
1.124970e+002 -7.793943e+001 -1.755343e+002
1.098926e+002 -8.457216e+001 -1.680828e+002
1.049555e+002 -9.273507e+001 -1.641704e+002
8.718095e+001 -7.102607e+001 -1.468460e+002
8.631327e+001 -8.000023e+001 -1.540940e+002
8.450476e+001 -8.766024e+001 -1.625721e+002
1.001998e+002 -7.314761e+001 -1.473846e+002
9.868065e+001 -8.126735e+001 -1.539738e+002
9.680063e+001 -8.804048e+001 -1.618628e+002
8.624614e+001 -7.093262e+001 -1.425575e+002
9.122802e+001 -6.855860e+001 -1.444473e+002
9.700661e+001 -6.935086e+001 -1.445340e+002
1.012106e+002 -7.310168e+001 -1.430218e+002
7.949609e+001 -9.878030e+001 -1.923079e+002
8.470473e+001 -1.044388e+002 -1.895704e+002
9.277250e+001 -1.055642e+002 -1.890263e+002
9.908682e+001 -1.010960e+002 -1.916346e+002
1.077766e+002 -7.654253e+001 -1.628927e+002
9.782040e+001 -7.977271e+001 -1.987957e+002
1.030785e+002 -6.558239e+001 -1.835124e+002
1.029121e+002 -6.346299e+001 -1.699710e+002
1.016031e+002 -6.455177e+001 -1.577971e+002
9.803671e+001 -7.030621e+001 -1.463005e+002
9.155841e+001 -6.874199e+001 -1.925143e+002
9.205199e+001 -6.113314e+001 -1.800483e+002
9.255525e+001 -5.996480e+001 -1.677986e+002
9.306819e+001 -6.362362e+001 -1.567867e+002
9.359084e+001 -6.933980e+001 -1.463765e+002
8.670004e+001 -7.837649e+001 -1.983937e+002
8.272236e+001 -6.493781e+001 -1.816272e+002
8.393774e+001 -6.294116e+001 -1.687303e+002
8.642754e+001 -6.405891e+001 -1.568352e+002
8.926736e+001 -6.933867e+001 -1.466877e+002
8.066800e+001 -6.940151e+001 -1.591219e+002
