[individuals]
1
[dimensions]
3
[landmarks]
71
[rawpoints]
'#1
6.628827e+001 -9.717027e+001 -2.149664e+002
1.092964e+002 -1.008447e+002 -2.185652e+002
8.738226e+001 -1.095315e+002 -1.934288e+002
9.406843e+001 -8.448819e+001 -1.604559e+002
9.083354e+001 -6.791621e+001 -1.479640e+002
1.023131e+002 -6.832857e+001 -1.485668e+002
7.686325e+001 -1.188646e+002 -2.143306e+002
9.210209e+001 -1.212388e+002 -2.153157e+002
8.604003e+001 -1.075835e+002 -2.232427e+002
8.666556e+001 -1.003761e+002 -2.254569e+002
8.740121e+001 -9.284618e+001 -2.254521e+002
8.852249e+001 -8.704243e+001 -2.207299e+002
7.701703e+001 -9.598428e+001 -2.251743e+002
7.412030e+001 -9.423905e+001 -2.231582e+002
7.242590e+001 -9.247124e+001 -2.200751e+002
7.168697e+001 -9.130453e+001 -2.163880e+002
9.680731e+001 -9.759006e+001 -2.261042e+002
1.006966e+002 -9.848748e+001 -2.253739e+002
1.034599e+002 -9.921278e+001 -2.224924e+002
1.038007e+002 -9.992508e+001 -2.185123e+002
6.986489e+001 -8.905804e+001 -2.108078e+002
6.599757e+001 -9.403407e+001 -1.980728e+002
7.108091e+001 -1.036886e+002 -1.889711e+002
8.238512e+001 -1.050912e+002 -1.804784e+002
1.080974e+002 -9.481902e+001 -2.141901e+002
1.116315e+002 -9.991778e+001 -2.019755e+002
1.031379e+002 -1.080407e+002 -1.949221e+002
9.768970e+001 -1.066221e+002 -1.824281e+002
7.004874e+001 -7.787809e+001 -2.008925e+002
6.685397e+001 -8.647490e+001 -1.896473e+002
6.939919e+001 -9.915529e+001 -1.830659e+002
1.135667e+002 -8.739330e+001 -2.014089e+002
1.132434e+002 -9.895415e+001 -1.964087e+002
1.066960e+002 -1.083057e+002 -1.910767e+002
7.409943e+001 -7.452615e+001 -1.888906e+002
7.105068e+001 -8.588168e+001 -1.828824e+002
7.188229e+001 -9.778188e+001 -1.772229e+002
1.111025e+002 -8.419876e+001 -1.903169e+002
1.091051e+002 -9.098446e+001 -1.822302e+002
1.045201e+002 -9.967908e+001 -1.778932e+002
8.826625e+001 -7.227454e+001 -1.586067e+002
8.743035e+001 -8.348050e+001 -1.660355e+002
8.656303e+001 -9.353619e+001 -1.749577e+002
1.031000e+002 -7.383699e+001 -1.599255e+002
1.005317e+002 -8.470831e+001 -1.675887e+002
9.907028e+001 -9.424403e+001 -1.770993e+002
8.806297e+001 -6.965981e+001 -1.529491e+002
9.386118e+001 -6.789751e+001 -1.538215e+002
9.991732e+001 -6.861309e+001 -1.543664e+002
1.053064e+002 -7.146795e+001 -1.538253e+002
7.471087e+001 -1.041369e+002 -2.080636e+002
8.020792e+001 -1.126829e+002 -2.030613e+002
9.132088e+001 -1.148707e+002 -2.029853e+002
9.872809e+001 -1.086070e+002 -2.088314e+002
1.069374e+002 -7.844226e+001 -1.776574e+002
9.400816e+001 -9.046117e+001 -2.181549e+002
1.047605e+002 -7.369431e+001 -2.035438e+002
1.048263e+002 -6.960950e+001 -1.890210e+002
1.033040e+002 -6.830580e+001 -1.746711e+002
9.986687e+001 -7.126233e+001 -1.593361e+002
9.027441e+001 -7.942117e+001 -2.152269e+002
9.295765e+001 -6.967767e+001 -2.024186e+002
9.456782e+001 -6.579655e+001 -1.885796e+002
9.595187e+001 -6.518370e+001 -1.740843e+002
9.617866e+001 -7.041420e+001 -1.589198e+002
8.337376e+001 -8.780321e+001 -2.171535e+002
8.236766e+001 -6.940091e+001 -2.028889e+002
8.466619e+001 -6.548492e+001 -1.881756e+002
8.833139e+001 -6.564003e+001 -1.738101e+002
9.224052e+001 -7.041474e+001 -1.586767e+002
8.171285e+001 -7.378363e+001 -1.755079e+002
