[individuals]
1
[dimensions]
3
[landmarks]
71
[rawpoints]
'#1
1.056090e+002 9.015436e+001 -2.152552e+002
6.145860e+001 8.846671e+001 -2.155438e+002
8.306603e+001 1.002570e+002 -1.936974e+002
8.327284e+001 7.477119e+001 -1.608206e+002
8.941951e+001 5.714137e+001 -1.506511e+002
7.568038e+001 5.804385e+001 -1.516003e+002
9.172120e+001 1.089902e+002 -2.122120e+002
7.305988e+001 1.081522e+002 -2.119886e+002
8.404720e+001 9.878384e+001 -2.232921e+002
8.408533e+001 9.125880e+001 -2.258052e+002
8.418996e+001 8.333571e+001 -2.262004e+002
8.377689e+001 7.848947e+001 -2.199329e+002
9.363742e+001 8.922966e+001 -2.242629e+002
9.751054e+001 8.923890e+001 -2.222511e+002
1.006272e+002 8.930244e+001 -2.191961e+002
1.013517e+002 8.939091e+001 -2.148932e+002
7.365312e+001 8.778416e+001 -2.248814e+002
6.970474e+001 8.760441e+001 -2.226686e+002
6.680979e+001 8.735316e+001 -2.191936e+002
6.598657e+001 8.725979e+001 -2.147402e+002
1.037828e+002 8.290157e+001 -2.127273e+002
1.056044e+002 9.172083e+001 -2.017653e+002
9.606751e+001 9.695586e+001 -1.926595e+002
9.192988e+001 9.513823e+001 -1.792118e+002
6.418018e+001 8.106531e+001 -2.124308e+002
5.992860e+001 8.788120e+001 -2.008442e+002
6.497101e+001 9.690636e+001 -1.912575e+002
7.300096e+001 9.507959e+001 -1.798141e+002
1.061597e+002 7.229507e+001 -2.036861e+002
1.092974e+002 8.418802e+001 -1.953408e+002
1.022701e+002 9.607777e+001 -1.898480e+002
6.057023e+001 7.213248e+001 -2.020494e+002
5.740210e+001 8.042963e+001 -1.921232e+002
6.145969e+001 9.093909e+001 -1.850161e+002
1.042581e+002 6.596813e+001 -1.899494e+002
1.079584e+002 7.795784e+001 -1.848224e+002
1.031964e+002 8.793913e+001 -1.769848e+002
6.332243e+001 6.719505e+001 -1.874922e+002
6.200577e+001 7.716556e+001 -1.817737e+002
6.460568e+001 8.752118e+001 -1.773195e+002
9.167412e+001 6.207875e+001 -1.572649e+002
9.175937e+001 7.309857e+001 -1.645805e+002
9.162272e+001 8.300696e+001 -1.736747e+002
7.492018e+001 6.215856e+001 -1.583210e+002
7.556001e+001 7.314538e+001 -1.656953e+002
7.472115e+001 8.312873e+001 -1.743621e+002
9.327197e+001 6.218506e+001 -1.535453e+002
8.708075e+001 5.910632e+001 -1.557367e+002
7.992416e+001 5.885022e+001 -1.568904e+002
7.338621e+001 6.156993e+001 -1.553187e+002
9.651711e+001 9.853251e+001 -2.072099e+002
8.839198e+001 1.062923e+002 -2.036302e+002
7.661470e+001 1.057862e+002 -2.033178e+002
6.957560e+001 9.765173e+001 -2.081476e+002
7.011690e+001 6.426270e+001 -1.725166e+002
7.708856e+001 8.078811e+001 -2.165217e+002
7.253115e+001 6.156123e+001 -2.001884e+002
7.314183e+001 5.764304e+001 -1.857891e+002
7.579485e+001 5.640452e+001 -1.719154e+002
7.886758e+001 5.953231e+001 -1.582048e+002
8.461832e+001 6.981335e+001 -2.101516e+002
8.433717e+001 5.946894e+001 -1.986826e+002
8.382843e+001 5.522240e+001 -1.858538e+002
8.364888e+001 5.619078e+001 -1.722757e+002
8.343044e+001 5.963975e+001 -1.577870e+002
8.893794e+001 8.106334e+001 -2.151818e+002
9.480597e+001 6.371173e+001 -2.010066e+002
9.441260e+001 5.720018e+001 -1.872275e+002
9.107024e+001 5.625577e+001 -1.727717e+002
8.757240e+001 6.027318e+001 -1.575115e+002
9.612006e+001 6.209823e+001 -1.743072e+002
