[individuals]
1
[dimensions]
3
[landmarks]
71
[rawpoints]
'#1
8.362701e+000 3.782425e+001 2.608729e+001
3.187495e+001 3.687695e+001 2.647484e+001
2.014594e+001 2.812096e+001 2.189139e+001
2.048997e+001 1.422966e+001 2.884061e+001
1.879461e+001 3.775204e+000 3.524879e+001
2.346781e+001 3.042763e+000 3.437594e+001
1.654133e+001 3.828129e+001 1.883398e+001
2.415422e+001 3.814268e+001 1.896474e+001
2.055200e+001 4.174579e+001 2.702326e+001
2.078465e+001 4.222447e+001 3.070526e+001
2.078297e+001 4.098653e+001 3.421356e+001
2.073987e+001 3.785147e+001 3.621614e+001
1.542755e+001 4.055891e+001 3.023304e+001
1.412048e+001 4.009055e+001 2.976126e+001
1.303254e+001 3.917498e+001 2.940262e+001
1.236480e+001 3.787822e+001 2.925116e+001
2.581311e+001 4.015932e+001 3.023190e+001
2.707163e+001 3.967658e+001 2.957086e+001
2.790968e+001 3.848937e+001 2.917900e+001
2.822021e+001 3.708198e+001 2.875248e+001
1.189021e+001 3.510514e+001 3.247676e+001
1.005069e+001 3.072540e+001 2.874018e+001
1.385211e+001 2.669324e+001 2.632739e+001
1.716627e+001 2.208503e+001 2.425129e+001
2.964296e+001 3.427177e+001 3.147099e+001
3.019230e+001 3.023825e+001 2.766978e+001
2.658713e+001 2.631270e+001 2.605256e+001
2.384447e+001 2.176433e+001 2.437539e+001
1.078283e+001 2.894311e+001 3.341106e+001
9.360509e+000 2.500890e+001 3.012253e+001
1.238251e+001 2.368259e+001 2.594800e+001
3.081102e+001 2.920290e+001 3.275092e+001
3.224439e+001 2.568037e+001 2.895117e+001
2.819946e+001 2.469573e+001 2.553678e+001
1.210270e+001 2.296849e+001 3.400925e+001
1.112547e+001 2.152851e+001 2.993112e+001
1.308396e+001 2.185764e+001 2.596685e+001
2.934286e+001 2.347568e+001 3.389560e+001
2.991706e+001 2.127819e+001 3.003875e+001
2.795371e+001 2.109900e+001 2.602028e+001
1.683995e+001 1.265563e+001 3.571080e+001
1.451379e+001 1.555818e+001 3.175244e+001
1.434182e+001 1.848677e+001 2.718070e+001
2.593888e+001 1.301727e+001 3.439047e+001
2.694845e+001 1.615735e+001 3.081155e+001
2.605792e+001 1.791047e+001 2.635928e+001
1.429720e+001 8.157198e+000 3.434860e+001
1.831376e+001 6.884959e+000 3.678968e+001
2.316773e+001 7.204879e+000 3.657247e+001
2.765551e+001 7.899977e+000 3.481490e+001
1.540150e+001 3.493878e+001 2.263384e+001
1.832272e+001 3.484583e+001 1.973735e+001
2.236085e+001 3.423067e+001 2.023393e+001
2.551970e+001 3.474414e+001 2.282061e+001
2.750653e+001 1.750626e+001 3.470030e+001
2.471050e+001 3.497023e+001 3.535664e+001
2.593531e+001 2.709120e+001 3.817277e+001
2.538304e+001 2.152112e+001 3.787826e+001
2.469464e+001 1.654575e+001 3.717871e+001
2.377638e+001 1.236477e+001 3.567091e+001
2.069089e+001 3.040468e+001 3.838114e+001
2.084545e+001 2.556942e+001 3.952830e+001
2.109089e+001 2.096275e+001 3.887967e+001
2.125550e+001 1.652304e+001 3.742599e+001
2.123728e+001 1.203559e+001 3.537940e+001
1.623725e+001 3.547804e+001 3.522801e+001
1.546828e+001 2.682851e+001 3.817578e+001
1.641302e+001 2.121057e+001 3.803075e+001
1.732257e+001 1.621933e+001 3.755528e+001
1.881717e+001 1.207029e+001 3.595930e+001
1.388210e+001 1.723358e+001 3.498416e+001
