[individuals]
1
[dimensions]
3
[landmarks]
71
[rawpoints]
'#1
1.234538e+001 9.077630e+001 2.940894e+001
3.264342e+001 9.036346e+001 2.551356e+001
2.095817e+001 8.260515e+001 2.145642e+001
2.187769e+001 6.716039e+001 2.805359e+001
2.475054e+001 5.527965e+001 3.375446e+001
2.030598e+001 5.536350e+001 3.433892e+001
1.695591e+001 8.989311e+001 1.958549e+001
2.426823e+001 9.002705e+001 1.796215e+001
2.215332e+001 9.426694e+001 2.529525e+001
2.290509e+001 9.444095e+001 2.903497e+001
2.371346e+001 9.372036e+001 3.269677e+001
2.430009e+001 9.120109e+001 3.550555e+001
1.825559e+001 9.299753e+001 3.069125e+001
1.718055e+001 9.273479e+001 3.020127e+001
1.628513e+001 9.202345e+001 2.980487e+001
1.571348e+001 9.100212e+001 2.949677e+001
2.806405e+001 9.268775e+001 2.808846e+001
2.896324e+001 9.237618e+001 2.750093e+001
2.953671e+001 9.146698e+001 2.719199e+001
2.989255e+001 9.041682e+001 2.704584e+001
1.366138e+001 8.609614e+001 3.280122e+001
1.000414e+001 8.287252e+001 2.968856e+001
1.455753e+001 7.984859e+001 2.772632e+001
1.748238e+001 7.537289e+001 2.549331e+001
3.269243e+001 8.512818e+001 2.893509e+001
3.441506e+001 8.130180e+001 2.489464e+001
2.914335e+001 7.863921e+001 2.478800e+001
2.509811e+001 7.450520e+001 2.383646e+001
1.360143e+001 8.124947e+001 3.458786e+001
1.041463e+001 7.925321e+001 3.098299e+001
1.284601e+001 7.737004e+001 2.677819e+001
3.281396e+001 8.079185e+001 3.114266e+001
3.381721e+001 7.777417e+001 2.690374e+001
3.018017e+001 7.596807e+001 2.349943e+001
1.473242e+001 7.598351e+001 3.478477e+001
1.285239e+001 7.527171e+001 3.097332e+001
1.334850e+001 7.517874e+001 2.669403e+001
3.162904e+001 7.563451e+001 3.165161e+001
3.163048e+001 7.438350e+001 2.756112e+001
2.936764e+001 7.426223e+001 2.393344e+001
1.829113e+001 6.521866e+001 3.425455e+001
1.652925e+001 6.881963e+001 3.170192e+001
1.566274e+001 7.192212e+001 2.820753e+001
2.745064e+001 6.500821e+001 3.224579e+001
2.806626e+001 6.840760e+001 2.923025e+001
2.778054e+001 7.125780e+001 2.564933e+001
1.615469e+001 6.088773e+001 3.574467e+001
2.094595e+001 6.087408e+001 3.661163e+001
2.575440e+001 6.098713e+001 3.585547e+001
2.978276e+001 6.045406e+001 3.317315e+001
1.665951e+001 8.708939e+001 2.307111e+001
1.898814e+001 8.685783e+001 2.005252e+001
2.272037e+001 8.673151e+001 1.925046e+001
2.594582e+001 8.716486e+001 2.124955e+001
2.979094e+001 7.012850e+001 3.164037e+001
2.736328e+001 8.783069e+001 3.432273e+001
2.895709e+001 7.952525e+001 3.670705e+001
2.825774e+001 7.394942e+001 3.629097e+001
2.737989e+001 6.869734e+001 3.592557e+001
2.570523e+001 6.423203e+001 3.460171e+001
2.436954e+001 8.365620e+001 3.751324e+001
2.427286e+001 7.858222e+001 3.861899e+001
2.416853e+001 7.366220e+001 3.800813e+001
2.384865e+001 6.879689e+001 3.708062e+001
2.338069e+001 6.401199e+001 3.538571e+001
2.053692e+001 8.743133e+001 3.582076e+001
1.901995e+001 7.975644e+001 3.834587e+001
1.948031e+001 7.413243e+001 3.792424e+001
1.987201e+001 6.890742e+001 3.733420e+001
2.086868e+001 6.433386e+001 3.558908e+001
1.612320e+001 7.035104e+001 3.463710e+001
