[individuals]
1
[dimensions]
3
[landmarks]
71
[rawpoints]
'#1
5.101406e+000 6.987846e+001 1.705171e+001
2.985620e+001 6.949699e+001 1.670172e+001
1.750390e+001 6.086715e+001 1.166834e+001
1.704706e+001 4.221171e+001 1.802276e+001
1.415065e+001 3.028584e+001 2.404330e+001
2.006877e+001 3.008529e+001 2.494766e+001
1.392563e+001 6.953522e+001 7.904860e+000
2.047428e+001 6.933217e+001 7.951022e+000
1.745696e+001 7.437930e+001 1.602878e+001
1.741559e+001 7.428485e+001 1.975846e+001
1.736460e+001 7.289217e+001 2.321950e+001
1.745422e+001 7.002293e+001 2.560279e+001
1.205947e+001 7.261905e+001 1.918564e+001
1.025843e+001 7.227545e+001 1.869077e+001
9.403880e+000 7.060275e+001 1.841101e+001
8.460671e+000 6.897144e+001 1.817470e+001
2.294975e+001 7.226087e+001 1.898317e+001
2.482117e+001 7.185268e+001 1.832067e+001
2.561456e+001 7.000993e+001 1.803264e+001
2.665556e+001 6.832094e+001 1.761864e+001
8.178701e+000 6.533487e+001 2.170208e+001
4.196364e+000 6.031961e+001 1.938033e+001
8.303262e+000 5.636738e+001 1.564918e+001
1.353484e+001 5.220218e+001 1.435125e+001
2.722884e+001 6.446680e+001 2.104132e+001
2.838756e+001 6.080188e+001 1.663496e+001
2.478138e+001 5.631834e+001 1.559192e+001
2.105791e+001 5.199076e+001 1.432577e+001
6.859365e+000 5.968655e+001 2.342639e+001
5.507860e+000 5.552971e+001 1.969496e+001
7.887051e+000 5.278365e+001 1.524222e+001
2.809032e+001 5.990169e+001 2.292213e+001
3.043060e+001 5.755049e+001 1.815106e+001
2.607594e+001 5.471923e+001 1.545353e+001
8.354139e+000 5.400084e+001 2.402166e+001
8.013062e+000 5.146524e+001 2.031482e+001
9.498295e+000 5.118630e+001 1.607202e+001
2.651774e+001 5.366298e+001 2.355557e+001
2.753271e+001 5.235755e+001 1.931623e+001
2.551095e+001 5.194418e+001 1.526086e+001
1.280221e+001 4.180563e+001 2.406135e+001
1.154475e+001 4.564650e+001 2.101320e+001
1.110593e+001 4.856583e+001 1.690109e+001
2.201691e+001 4.181372e+001 2.341033e+001
2.260402e+001 4.538120e+001 2.028782e+001
2.320798e+001 4.840781e+001 1.664144e+001
1.073791e+001 3.687243e+001 2.537325e+001
1.506450e+001 3.657971e+001 2.700404e+001
1.968925e+001 3.666885e+001 2.726542e+001
2.380134e+001 3.679508e+001 2.513460e+001
1.194607e+001 6.594002e+001 1.191931e+001
1.510180e+001 6.454774e+001 9.912631e+000
1.907931e+001 6.469803e+001 9.624826e+000
2.270069e+001 6.529375e+001 1.119164e+001
2.388756e+001 4.726560e+001 2.326717e+001
2.092337e+001 6.639619e+001 2.492488e+001
2.213655e+001 5.851241e+001 2.823761e+001
2.155279e+001 5.205112e+001 2.806359e+001
2.070058e+001 4.634490e+001 2.736861e+001
1.954735e+001 4.131398e+001 2.560451e+001
1.687435e+001 6.220898e+001 2.784464e+001
1.667440e+001 5.695860e+001 2.921046e+001
1.677802e+001 5.154472e+001 2.876930e+001
1.686128e+001 4.633686e+001 2.786847e+001
1.704586e+001 4.122002e+001 2.600467e+001
1.379067e+001 6.657653e+001 2.497494e+001
1.180828e+001 5.821304e+001 2.770174e+001
1.240130e+001 5.220083e+001 2.764114e+001
1.343422e+001 4.651039e+001 2.706835e+001
1.486333e+001 4.135944e+001 2.554171e+001
1.052826e+001 4.744809e+001 2.438585e+001
