[individuals]
1
[dimensions]
3
[landmarks]
71
[rawpoints]
'#1
-2.462870e+001 4.693872e+001 1.152512e+001
6.509102e+000 4.692482e+001 1.378539e+001
-1.044383e+001 3.940341e+001 1.964431e+001
-9.477945e+000 5.161108e+001 4.807773e+001
-1.260956e+001 6.088081e+001 6.005784e+001
-3.565865e+000 6.038438e+001 5.962676e+001
-1.513199e+001 3.876424e+001 7.990641e+000
-5.349283e+000 3.857424e+001 7.214813e+000
-9.798958e+000 4.910476e+001 3.421410e+000
-9.923455e+000 5.256102e+001 4.905505e+000
-1.001910e+001 5.615230e+001 6.026814e+000
-1.004141e+001 5.855262e+001 8.925304e+000
-1.539729e+001 5.091883e+001 5.173317e+000
-1.785358e+001 5.101793e+001 6.894131e+000
-2.022724e+001 5.135579e+001 8.698529e+000
-2.083080e+001 5.061222e+001 1.154268e+001
-1.840304e+000 5.127619e+001 7.055229e+000
8.130291e-001 5.090622e+001 8.662979e+000
2.857667e+000 5.059793e+001 1.100550e+001
4.616081e+000 4.948303e+001 1.333517e+001
-2.315360e+001 4.931201e+001 2.096317e+001
-2.349866e+001 4.472903e+001 2.587350e+001
-2.015181e+001 4.069160e+001 3.008436e+001
-1.466425e+001 3.985092e+001 3.388046e+001
2.924577e+000 5.156688e+001 2.114507e+001
3.886700e+000 4.648340e+001 2.583352e+001
1.025230e+000 4.101206e+001 2.909293e+001
-4.220549e+000 3.966540e+001 3.349921e+001
-2.307711e+001 5.149385e+001 2.765336e+001
-2.225744e+001 4.704932e+001 3.135529e+001
-2.005400e+001 4.206490e+001 3.346005e+001
2.497746e+000 5.306400e+001 2.773172e+001
2.739400e+000 4.780531e+001 3.071318e+001
1.127160e+000 4.215482e+001 3.215481e+001
-2.018623e+001 5.350702e+001 3.434353e+001
-2.053876e+001 4.816336e+001 3.545974e+001
-1.874183e+001 4.300282e+001 3.571381e+001
1.079431e+000 5.462063e+001 3.385259e+001
1.798097e+000 4.876278e+001 3.372530e+001
6.452696e-001 4.297763e+001 3.394321e+001
-1.467879e+001 5.710469e+001 4.772389e+001
-1.605438e+001 5.126478e+001 4.330820e+001
-1.519014e+001 4.528909e+001 3.894461e+001
-3.632967e+000 5.699278e+001 4.650653e+001
-9.768315e-001 5.174211e+001 4.178709e+001
-2.734615e+000 4.528548e+001 3.830591e+001
-1.635843e+001 6.012557e+001 5.498208e+001
-1.163288e+001 6.301460e+001 5.474180e+001
-6.106562e+000 6.284105e+001 5.433547e+001
-8.444490e-001 6.110302e+001 5.449182e+001
-1.898760e+001 4.146854e+001 1.191931e+001
-1.368124e+001 3.871494e+001 1.171833e+001
-7.721957e+000 3.824610e+001 1.149078e+001
-2.403667e+000 4.097660e+001 1.128529e+001
-7.031823e-001 5.610809e+001 3.994024e+001
-5.811749e+000 5.753266e+001 1.342112e+001
-3.432230e+000 6.004003e+001 2.502190e+001
-4.102053e+000 5.987260e+001 3.291222e+001
-4.917794e+000 5.948106e+001 4.004557e+001
-5.977145e+000 5.880425e+001 4.664020e+001
-9.339249e+000 6.032649e+001 1.820663e+001
-9.620827e+000 6.113310e+001 2.542466e+001
-9.621681e+000 6.109620e+001 3.258677e+001
-9.297523e+000 6.014970e+001 3.967665e+001
-8.611902e+000 5.938499e+001 4.690781e+001
-1.373892e+001 5.736340e+001 1.317958e+001
-1.597794e+001 6.014928e+001 2.552196e+001
-1.526800e+001 6.001726e+001 3.354853e+001
-1.394318e+001 5.969081e+001 4.062563e+001
-1.206520e+001 5.951591e+001 4.707622e+001
-1.760770e+001 5.545045e+001 4.103371e+001
