[individuals]
1
[dimensions]
3
[landmarks]
71
[rawpoints]
'#1
9.576964e+001 7.949370e+001 -1.262250e+003
5.632528e+001 8.072028e+001 -1.259807e+003
7.757127e+001 8.646777e+001 -1.246218e+003
7.971109e+001 7.413074e+001 -1.208452e+003
8.530246e+001 5.913757e+001 -1.193641e+003
7.273370e+001 6.335209e+001 -1.192123e+003
8.512087e+001 9.072504e+001 -1.265578e+003
6.668640e+001 9.137756e+001 -1.265844e+003
7.648206e+001 7.717403e+001 -1.277370e+003
7.628756e+001 7.219982e+001 -1.279471e+003
7.597510e+001 6.691970e+001 -1.278367e+003
7.588969e+001 6.339378e+001 -1.274274e+003
8.469414e+001 7.227680e+001 -1.277851e+003
8.917747e+001 7.396719e+001 -1.274559e+003
9.231977e+001 7.454010e+001 -1.269702e+003
9.439343e+001 7.602435e+001 -1.264478e+003
6.746693e+001 7.235132e+001 -1.276158e+003
6.252132e+001 7.372124e+001 -1.273728e+003
5.987016e+001 7.499152e+001 -1.268870e+003
5.824178e+001 7.697475e+001 -1.263805e+003
9.122581e+001 7.381736e+001 -1.257846e+003
9.569926e+001 7.947948e+001 -1.250612e+003
9.182644e+001 8.319952e+001 -1.241919e+003
8.707794e+001 8.369240e+001 -1.232885e+003
6.112169e+001 7.034658e+001 -1.256680e+003
5.677355e+001 7.766512e+001 -1.249867e+003
6.140300e+001 8.207217e+001 -1.241032e+003
6.766587e+001 8.359819e+001 -1.232238e+003
9.624316e+001 6.986789e+001 -1.247277e+003
9.911144e+001 7.725639e+001 -1.243457e+003
9.414214e+001 8.175873e+001 -1.237760e+003
5.698616e+001 6.863157e+001 -1.246776e+003
5.475150e+001 7.652327e+001 -1.242658e+003
6.015538e+001 8.141422e+001 -1.237052e+003
9.794865e+001 6.745029e+001 -1.236295e+003
9.793940e+001 7.455917e+001 -1.234117e+003
9.369688e+001 8.036830e+001 -1.232235e+003
5.731147e+001 6.701022e+001 -1.235816e+003
5.687645e+001 7.361514e+001 -1.232126e+003
6.125939e+001 7.971253e+001 -1.231101e+003
8.558792e+001 6.551541e+001 -1.209811e+003
8.721001e+001 7.168906e+001 -1.217304e+003
8.682229e+001 7.789204e+001 -1.224937e+003
7.199403e+001 6.647656e+001 -1.209079e+003
7.025472e+001 7.222999e+001 -1.216707e+003
6.897434e+001 7.800874e+001 -1.224406e+003
8.969807e+001 6.471687e+001 -1.200299e+003
8.383640e+001 5.923971e+001 -1.201500e+003
7.573459e+001 5.892864e+001 -1.201757e+003
6.976643e+001 6.393510e+001 -1.199495e+003
8.935826e+001 8.562953e+001 -1.257395e+003
8.105031e+001 9.003459e+001 -1.255467e+003
7.146362e+001 9.014355e+001 -1.254991e+003
6.281099e+001 8.610039e+001 -1.255953e+003
6.125204e+001 6.578175e+001 -1.222397e+003
6.938837e+001 6.733685e+001 -1.263814e+003
6.690016e+001 5.617707e+001 -1.248562e+003
6.706590e+001 5.310037e+001 -1.234788e+003
7.090494e+001 5.712031e+001 -1.223049e+003
7.518565e+001 6.217290e+001 -1.208431e+003
7.719820e+001 5.787439e+001 -1.259233e+003
7.806503e+001 5.286328e+001 -1.248419e+003
7.845408e+001 5.061678e+001 -1.236130e+003
7.867207e+001 5.474090e+001 -1.223523e+003
7.839333e+001 6.045271e+001 -1.208336e+003
8.308894e+001 6.756477e+001 -1.263701e+003
8.802972e+001 5.680643e+001 -1.248965e+003
8.905878e+001 5.407887e+001 -1.235783e+003
8.602245e+001 5.736401e+001 -1.223667e+003
8.197887e+001 6.129078e+001 -1.208797e+003
9.498352e+001 6.614917e+001 -1.224042e+003
