[individuals]
1
[dimensions]
3
[landmarks]
71
[rawpoints]
'#1
7.710698e+001 -7.239601e+001 -2.461743e+002
1.100319e+002 -6.772206e+001 -2.449417e+002
9.364498e+001 -7.914342e+001 -2.324666e+002
9.205145e+001 -6.656407e+001 -2.059797e+002
8.652615e+001 -5.724390e+001 -1.933388e+002
9.552360e+001 -5.538836e+001 -1.940622e+002
8.841698e+001 -8.345499e+001 -2.457049e+002
1.014028e+002 -8.182658e+001 -2.457424e+002
9.364031e+001 -7.089147e+001 -2.529234e+002
9.307166e+001 -6.556047e+001 -2.533060e+002
9.263846e+001 -6.022525e+001 -2.528187e+002
9.161119e+001 -5.676899e+001 -2.488328e+002
8.485656e+001 -6.714087e+001 -2.527527e+002
8.230058e+001 -6.929602e+001 -2.517915e+002
8.002535e+001 -7.107578e+001 -2.498533e+002
8.002296e+001 -7.091215e+001 -2.463785e+002
1.008736e+002 -6.466879e+001 -2.520678e+002
1.041377e+002 -6.618210e+001 -2.511266e+002
1.068395e+002 -6.753099e+001 -2.489562e+002
1.074203e+002 -6.663095e+001 -2.453950e+002
7.789295e+001 -6.505716e+001 -2.410621e+002
7.805653e+001 -7.285710e+001 -2.353113e+002
8.354005e+001 -7.942751e+001 -2.307610e+002
8.836780e+001 -7.992477e+001 -2.223716e+002
1.065761e+002 -6.151317e+001 -2.416415e+002
1.089401e+002 -6.898105e+001 -2.352837e+002
1.042721e+002 -7.661951e+001 -2.306311e+002
9.853896e+001 -7.872665e+001 -2.226016e+002
7.439867e+001 -6.232383e+001 -2.322304e+002
7.537106e+001 -7.142329e+001 -2.294045e+002
7.943884e+001 -7.929958e+001 -2.257790e+002
1.090661e+002 -5.760390e+001 -2.315077e+002
1.096993e+002 -6.719714e+001 -2.290763e+002
1.071837e+002 -7.654964e+001 -2.269449e+002
7.751334e+001 -5.992918e+001 -2.206976e+002
7.810460e+001 -6.804382e+001 -2.176319e+002
8.303488e+001 -7.520186e+001 -2.173868e+002
1.063763e+002 -5.660713e+001 -2.208713e+002
1.067903e+002 -6.523814e+001 -2.176209e+002
1.046580e+002 -7.421656e+001 -2.173630e+002
8.470190e+001 -5.666566e+001 -1.993708e+002
8.562061e+001 -6.454455e+001 -2.069736e+002
8.717152e+001 -7.177446e+001 -2.151005e+002
9.705061e+001 -5.658652e+001 -1.996700e+002
9.758109e+001 -6.397927e+001 -2.073234e+002
9.766833e+001 -7.090858e+001 -2.154159e+002
8.346240e+001 -5.790469e+001 -1.968650e+002
8.757977e+001 -5.504652e+001 -1.977760e+002
9.261735e+001 -5.435828e+001 -1.980943e+002
9.733202e+001 -5.604055e+001 -1.971491e+002
8.536766e+001 -7.800868e+001 -2.427792e+002
9.117754e+001 -8.266466e+001 -2.411044e+002
9.871850e+001 -8.152017e+001 -2.408562e+002
1.034266e+002 -7.562829e+001 -2.420206e+002
1.015318e+002 -5.652304e+001 -2.096756e+002
9.697215e+001 -5.980875e+001 -2.448167e+002
9.988956e+001 -4.877769e+001 -2.294490e+002
9.897158e+001 -4.933540e+001 -2.191246e+002
9.684650e+001 -5.225142e+001 -2.099741e+002
9.573770e+001 -5.486113e+001 -1.993901e+002
9.132140e+001 -5.105489e+001 -2.378005e+002
9.148506e+001 -4.689360e+001 -2.278550e+002
9.167140e+001 -4.669806e+001 -2.180571e+002
9.156779e+001 -4.933540e+001 -2.086440e+002
9.092875e+001 -5.427582e+001 -1.989651e+002
8.691686e+001 -6.077637e+001 -2.455832e+002
8.221782e+001 -5.051467e+001 -2.302780e+002
8.393700e+001 -4.982139e+001 -2.183747e+002
8.580932e+001 -5.137908e+001 -2.084963e+002
8.630992e+001 -5.514137e+001 -1.989094e+002
8.119595e+001 -5.809211e+001 -2.096952e+002
