[individuals]
1
[dimensions]
3
[landmarks]
71
[rawpoints]
'#1
8.867580e+001 -7.161905e+001 -1.496470e+002
1.249947e+002 -7.815169e+001 -1.463303e+002
1.023639e+002 -8.906863e+001 -1.363400e+002
1.017766e+002 -8.124803e+001 -1.040415e+002
9.670712e+001 -7.202413e+001 -8.866319e+001
1.082602e+002 -7.409167e+001 -8.858401e+001
1.114175e+002 -8.910770e+001 -1.504641e+002
9.701862e+001 -8.529431e+001 -1.508166e+002
1.079514e+002 -7.545657e+001 -1.558689e+002
1.082921e+002 -7.023363e+001 -1.560598e+002
1.082823e+002 -6.537823e+001 -1.540964e+002
1.082112e+002 -6.172270e+001 -1.503466e+002
9.914119e+001 -6.876844e+001 -1.548105e+002
9.574730e+001 -6.892762e+001 -1.546030e+002
9.364350e+001 -6.912006e+001 -1.519337e+002
9.230695e+001 -6.978128e+001 -1.488737e+002
1.154895e+002 -7.257735e+001 -1.540930e+002
1.188440e+002 -7.465956e+001 -1.530682e+002
1.209399e+002 -7.607898e+001 -1.498695e+002
1.214117e+002 -7.585004e+001 -1.458243e+002
9.157038e+001 -6.639139e+001 -1.429721e+002
8.891328e+001 -7.584150e+001 -1.387128e+002
9.107523e+001 -8.533876e+001 -1.342804e+002
9.431048e+001 -9.023051e+001 -1.253299e+002
1.227160e+002 -7.350502e+001 -1.413669e+002
1.210682e+002 -8.285474e+001 -1.359541e+002
1.143543e+002 -9.036068e+001 -1.317098e+002
1.078174e+002 -9.317831e+001 -1.234175e+002
8.880183e+001 -6.524573e+001 -1.329816e+002
8.555556e+001 -7.502500e+001 -1.315086e+002
8.677026e+001 -8.531859e+001 -1.305599e+002
1.242148e+002 -6.969460e+001 -1.299135e+002
1.234329e+002 -8.124029e+001 -1.289963e+002
1.176335e+002 -9.129142e+001 -1.293199e+002
9.003784e+001 -6.602731e+001 -1.206916e+002
8.596062e+001 -7.518669e+001 -1.220310e+002
8.601229e+001 -8.529759e+001 -1.223112e+002
1.212350e+002 -7.038448e+001 -1.184601e+002
1.209170e+002 -8.112080e+001 -1.190951e+002
1.182952e+002 -9.075167e+001 -1.231131e+002
9.714558e+001 -7.199893e+001 -9.586017e+001
9.542387e+001 -7.790495e+001 -1.057715e+002
9.592831e+001 -8.323741e+001 -1.161342e+002
1.092782e+002 -7.481412e+001 -9.555331e+001
1.082287e+002 -8.106976e+001 -1.049569e+002
1.065893e+002 -8.529623e+001 -1.153539e+002
9.477769e+001 -7.241543e+001 -9.156948e+001
1.002215e+002 -7.132899e+001 -9.138396e+001
1.057078e+002 -7.218744e+001 -9.126183e+001
1.101518e+002 -7.551390e+001 -9.107351e+001
9.401015e+001 -8.041637e+001 -1.465549e+002
9.932810e+001 -8.833196e+001 -1.452958e+002
1.088282e+002 -8.983971e+001 -1.453258e+002
1.166844e+002 -8.428932e+001 -1.453615e+002
1.152057e+002 -7.293512e+001 -1.070067e+002
1.127073e+002 -6.645798e+001 -1.461144e+002
1.176778e+002 -6.032915e+001 -1.282690e+002
1.147680e+002 -6.269579e+001 -1.156212e+002
1.110574e+002 -6.627750e+001 -1.045372e+002
1.068703e+002 -7.154361e+001 -9.415666e+001
1.083151e+002 -6.028946e+001 -1.389592e+002
1.086360e+002 -5.664450e+001 -1.271399e+002
1.072862e+002 -5.950713e+001 -1.150769e+002
1.056115e+002 -6.391298e+001 -1.044750e+002
1.035324e+002 -7.068629e+001 -9.441856e+001
1.036745e+002 -6.490668e+001 -1.458176e+002
9.936176e+001 -5.703651e+001 -1.299884e+002
9.902597e+001 -6.022002e+001 -1.167855e+002
9.959634e+001 -6.433951e+001 -1.051360e+002
1.003496e+002 -7.053162e+001 -9.471430e+001
9.398356e+001 -6.907226e+001 -1.079076e+002
