[individuals]
1
[dimensions]
3
[landmarks]
71
[rawpoints]
'#1
2.868948e+000 2.286746e+001 5.885005e+000
1.459170e+001 2.353337e+001 6.158722e+000
8.713806e+000 2.014033e+001 4.992878e+000
8.472859e+000 1.669671e+001 1.056817e+001
6.461808e+000 1.451970e+001 1.435037e+001
1.250788e+001 1.448591e+001 1.371325e+001
6.663286e+000 2.260720e+001 3.878583e+000
1.084791e+001 2.270134e+001 4.035900e+000
8.921695e+000 2.574577e+001 6.258841e+000
8.846974e+000 2.636629e+001 7.891162e+000
8.813284e+000 2.660855e+001 9.621773e+000
8.789846e+000 2.630092e+001 1.134216e+001
6.765522e+000 2.639764e+001 9.545771e+000
5.545494e+000 2.614038e+001 8.521618e+000
4.487281e+000 2.537067e+001 7.577592e+000
4.019903e+000 2.385604e+001 7.276071e+000
1.163593e+001 2.641847e+001 9.762568e+000
1.245060e+001 2.616668e+001 8.776101e+000
1.323075e+001 2.560678e+001 7.894011e+000
1.378762e+001 2.465025e+001 7.204730e+000
2.858952e+000 2.427519e+001 7.988006e+000
1.983576e+000 2.160806e+001 6.862370e+000
4.519324e+000 1.991702e+001 6.893005e+000
6.712092e+000 1.787485e+001 7.372520e+000
1.437528e+001 2.481963e+001 7.958382e+000
1.499188e+001 2.224780e+001 6.369312e+000
1.284787e+001 2.011221e+001 6.971723e+000
1.088211e+001 1.776432e+001 7.350620e+000
1.997728e+000 2.275712e+001 1.038933e+001
1.115015e+000 2.050483e+001 8.324080e+000
3.809658e+000 1.917782e+001 7.254170e+000
1.547253e+001 2.294316e+001 9.149182e+000
1.575277e+001 2.084734e+001 7.184465e+000
1.329146e+001 1.935361e+001 7.393599e+000
2.596191e+000 2.123566e+001 1.163639e+001
2.957729e+000 1.932445e+001 9.981048e+000
4.298883e+000 1.842641e+001 8.001616e+000
1.547928e+001 2.121433e+001 1.038550e+001
1.480213e+001 1.946096e+001 9.020655e+000
1.301762e+001 1.851287e+001 7.875034e+000
5.097087e+000 1.840922e+001 1.317339e+001
4.910987e+000 1.760238e+001 1.102413e+001
4.982359e+000 1.723364e+001 8.751719e+000
1.266651e+001 1.810564e+001 1.288894e+001
1.272466e+001 1.764957e+001 1.077610e+001
1.256574e+001 1.734543e+001 8.641248e+000
4.301021e+000 1.607615e+001 1.351980e+001
7.317122e+000 1.602889e+001 1.489040e+001
1.062723e+001 1.601463e+001 1.475078e+001
1.341881e+001 1.597466e+001 1.296687e+001
6.111078e+000 2.105572e+001 5.505284e+000
7.769256e+000 2.072175e+001 4.728454e+000
9.622316e+000 2.054676e+001 4.737712e+000
1.124901e+001 2.114226e+001 5.418518e+000
1.428131e+001 1.975211e+001 1.156079e+001
1.083246e+001 2.641907e+001 1.057286e+001
1.250519e+001 2.413369e+001 1.326613e+001
1.234518e+001 2.157360e+001 1.386244e+001
1.184225e+001 1.970879e+001 1.441598e+001
1.097270e+001 1.798140e+001 1.431577e+001
8.899361e+000 2.523566e+001 1.318595e+001
8.809502e+000 2.349075e+001 1.416593e+001
8.796417e+000 2.167144e+001 1.469268e+001
8.857106e+000 1.978286e+001 1.479343e+001
9.001771e+000 1.781874e+001 1.440576e+001
6.792870e+000 2.633641e+001 1.061526e+001
5.417149e+000 2.383680e+001 1.365618e+001
5.574162e+000 2.159157e+001 1.424852e+001
6.010668e+000 1.975764e+001 1.464697e+001
6.679369e+000 1.834091e+001 1.438414e+001
3.741992e+000 1.961303e+001 1.270794e+001
