[individuals]
1
[dimensions]
3
[landmarks]
71
[rawpoints]
'#1
9.534090e+001 7.272614e+001 -1.642620e+002
5.440961e+001 7.137225e+001 -1.671876e+002
7.309665e+001 7.639305e+001 -1.470412e+002
7.273902e+001 5.512219e+001 -1.243543e+002
7.788722e+001 4.145932e+001 -1.139728e+002
6.622013e+001 4.153514e+001 -1.140847e+002
8.161134e+001 8.404933e+001 -1.635579e+002
6.635902e+001 8.279067e+001 -1.643844e+002
7.620071e+001 7.400620e+001 -1.751832e+002
7.559889e+001 6.671346e+001 -1.773069e+002
7.518317e+001 5.918469e+001 -1.762125e+002
7.447176e+001 5.432068e+001 -1.703911e+002
8.406068e+001 6.541216e+001 -1.754002e+002
8.849141e+001 6.665537e+001 -1.728739e+002
9.154945e+001 6.747358e+001 -1.686860e+002
9.237354e+001 6.696597e+001 -1.635262e+002
6.698126e+001 6.423791e+001 -1.760789e+002
6.217389e+001 6.538044e+001 -1.745092e+002
5.831783e+001 6.639093e+001 -1.711942e+002
5.695350e+001 6.580632e+001 -1.662268e+002
9.202750e+001 6.178936e+001 -1.636327e+002
9.453893e+001 6.715521e+001 -1.541751e+002
8.784669e+001 7.368470e+001 -1.480817e+002
8.077789e+001 7.395232e+001 -1.394494e+002
5.767839e+001 6.120710e+001 -1.671570e+002
5.367547e+001 6.592665e+001 -1.571586e+002
5.744207e+001 7.250007e+001 -1.481657e+002
6.459456e+001 7.397961e+001 -1.389498e+002
9.509600e+001 5.377165e+001 -1.508461e+002
9.602305e+001 6.304092e+001 -1.449805e+002
9.144598e+001 7.251876e+001 -1.417552e+002
5.413315e+001 5.345817e+001 -1.570369e+002
5.194249e+001 6.150558e+001 -1.493399e+002
5.460468e+001 7.067072e+001 -1.431987e+002
9.075696e+001 4.950048e+001 -1.396404e+002
9.287286e+001 6.010030e+001 -1.359467e+002
9.056049e+001 7.115885e+001 -1.342556e+002
5.471344e+001 4.873565e+001 -1.450603e+002
5.235400e+001 5.895918e+001 -1.408089e+002
5.409690e+001 6.982097e+001 -1.381366e+002
7.999873e+001 4.375942e+001 -1.198767e+002
7.957488e+001 5.393179e+001 -1.262776e+002
7.988144e+001 6.352859e+001 -1.335191e+002
6.432614e+001 4.376031e+001 -1.206089e+002
6.612891e+001 5.379659e+001 -1.269379e+002
6.694031e+001 6.308560e+001 -1.344946e+002
8.040796e+001 4.297989e+001 -1.172556e+002
7.489645e+001 4.026357e+001 -1.173684e+002
6.875108e+001 4.022178e+001 -1.173745e+002
6.369469e+001 4.371455e+001 -1.173638e+002
8.638527e+001 7.620528e+001 -1.589615e+002
7.936037e+001 8.096326e+001 -1.548156e+002
6.992999e+001 8.122447e+001 -1.552427e+002
6.331095e+001 7.632162e+001 -1.598612e+002
6.024259e+001 4.630361e+001 -1.328006e+002
6.981036e+001 5.814880e+001 -1.702613e+002
6.356718e+001 4.333667e+001 -1.566781e+002
6.390746e+001 4.004134e+001 -1.439671e+002
6.563431e+001 3.927589e+001 -1.320808e+002
6.779910e+001 4.076244e+001 -1.199537e+002
7.522822e+001 4.668621e+001 -1.637091e+002
7.404784e+001 3.972598e+001 -1.537826e+002
7.305740e+001 3.740804e+001 -1.427016e+002
7.242774e+001 3.750319e+001 -1.315658e+002
7.210175e+001 4.074159e+001 -1.200056e+002
8.012697e+001 5.818277e+001 -1.694810e+002
8.464973e+001 4.259120e+001 -1.541560e+002
8.254316e+001 3.942308e+001 -1.411288e+002
7.949815e+001 3.888065e+001 -1.300006e+002
7.647614e+001 4.056973e+001 -1.197037e+002
8.496751e+001 4.645749e+001 -1.290817e+002
