[individuals]
1
[dimensions]
3
[landmarks]
71
[rawpoints]
'#1
6.899170e+001 -7.693306e+001 -2.011673e+002
1.127870e+002 -7.877061e+001 -1.970856e+002
8.898293e+001 -9.003154e+001 -1.845513e+002
8.669928e+001 -6.796539e+001 -1.557092e+002
8.001089e+001 -5.405822e+001 -1.451030e+002
9.125877e+001 -5.436630e+001 -1.445440e+002
8.176241e+001 -9.274927e+001 -2.002514e+002
9.776611e+001 -9.455904e+001 -1.987768e+002
9.175501e+001 -7.983385e+001 -2.100509e+002
9.194436e+001 -7.312406e+001 -2.112054e+002
9.218344e+001 -6.631725e+001 -2.111787e+002
9.267361e+001 -6.109483e+001 -2.068343e+002
8.154622e+001 -7.227740e+001 -2.098557e+002
7.767225e+001 -7.345269e+001 -2.085899e+002
7.434145e+001 -7.434029e+001 -2.061185e+002
7.406159e+001 -7.423694e+001 -2.018874e+002
1.002041e+002 -7.362950e+001 -2.085533e+002
1.046923e+002 -7.590884e+001 -2.072578e+002
1.077949e+002 -7.785763e+001 -2.035711e+002
1.082436e+002 -7.771582e+001 -1.983948e+002
7.287813e+001 -6.835368e+001 -1.979273e+002
6.783763e+001 -7.436945e+001 -1.899229e+002
7.004710e+001 -8.294525e+001 -1.830489e+002
7.687852e+001 -8.533394e+001 -1.744877e+002
1.103262e+002 -7.187715e+001 -1.943284e+002
1.113751e+002 -7.917036e+001 -1.865495e+002
1.042465e+002 -8.576356e+001 -1.820199e+002
9.734240e+001 -8.668726e+001 -1.738779e+002
6.863016e+001 -6.243767e+001 -1.893591e+002
6.687259e+001 -7.245507e+001 -1.851352e+002
6.830752e+001 -8.246846e+001 -1.807814e+002
1.122803e+002 -6.416119e+001 -1.837616e+002
1.128629e+002 -7.516945e+001 -1.806054e+002
1.078222e+002 -8.520425e+001 -1.782883e+002
6.964977e+001 -5.719806e+001 -1.771037e+002
6.520337e+001 -6.805149e+001 -1.762180e+002
6.665826e+001 -7.972254e+001 -1.760397e+002
1.093987e+002 -5.995480e+001 -1.731948e+002
1.117857e+002 -7.173646e+001 -1.708912e+002
1.083319e+002 -8.340719e+001 -1.696021e+002
7.927689e+001 -5.521198e+001 -1.536073e+002
8.029609e+001 -6.590966e+001 -1.601921e+002
7.538180e+001 -7.531933e+001 -1.669846e+002
9.446815e+001 -5.640400e+001 -1.520612e+002
9.579639e+001 -6.666172e+001 -1.594075e+002
9.785075e+001 -7.805516e+001 -1.645951e+002
7.756129e+001 -5.558959e+001 -1.507759e+002
8.335359e+001 -5.199950e+001 -1.501091e+002
9.018947e+001 -5.223483e+001 -1.497937e+002
9.509322e+001 -5.697568e+001 -1.491907e+002
7.780235e+001 -8.514702e+001 -1.946439e+002
8.464982e+001 -9.175747e+001 -1.897586e+002
9.531860e+001 -9.254935e+001 -1.898366e+002
1.028979e+002 -8.600396e+001 -1.936015e+002
1.022903e+002 -5.824588e+001 -1.631978e+002
9.892187e+001 -6.511848e+001 -2.013561e+002
1.028438e+002 -5.368041e+001 -1.864451e+002
1.006348e+002 -5.098000e+001 -1.745961e+002
9.637485e+001 -5.112841e+001 -1.633483e+002
9.089180e+001 -5.324422e+001 -1.523557e+002
9.358747e+001 -5.954815e+001 -1.964115e+002
9.237918e+001 -5.048562e+001 -1.870818e+002
9.100924e+001 -4.801297e+001 -1.756177e+002
8.905438e+001 -4.817349e+001 -1.644807e+002
8.682278e+001 -5.267920e+001 -1.527450e+002
8.693150e+001 -6.426815e+001 -2.029361e+002
8.034364e+001 -5.275115e+001 -1.896482e+002
8.014607e+001 -4.950791e+001 -1.767266e+002
8.181672e+001 -4.952905e+001 -1.645543e+002
8.294595e+001 -5.292481e+001 -1.531846e+002
7.601338e+001 -5.460506e+001 -1.648299e+002
