[individuals]
1
[dimensions]
3
[landmarks]
71
[rawpoints]
'#1
5.907646e+001 -5.970009e+001 -2.011835e+002
1.050512e+002 -6.409886e+001 -2.039625e+002
8.113432e+001 -7.878751e+001 -1.862870e+002
8.484765e+001 -6.247482e+001 -1.493389e+002
8.102222e+001 -4.672230e+001 -1.360706e+002
9.313020e+001 -4.974308e+001 -1.351254e+002
7.157206e+001 -7.949295e+001 -2.051940e+002
8.960335e+001 -8.089487e+001 -2.062116e+002
8.145651e+001 -6.725649e+001 -2.146353e+002
8.198878e+001 -5.946090e+001 -2.147646e+002
8.155695e+001 -5.179664e+001 -2.132981e+002
8.286516e+001 -4.856580e+001 -2.063037e+002
7.382450e+001 -5.776165e+001 -2.115953e+002
6.836346e+001 -5.812483e+001 -2.110193e+002
6.459238e+001 -5.815469e+001 -2.070109e+002
6.396559e+001 -5.847472e+001 -2.015527e+002
8.867817e+001 -6.031520e+001 -2.129421e+002
9.359618e+001 -6.140979e+001 -2.117080e+002
9.826453e+001 -6.258987e+001 -2.097789e+002
1.001292e+002 -6.291435e+001 -2.049494e+002
6.373376e+001 -5.373965e+001 -1.999148e+002
6.073818e+001 -6.208524e+001 -1.897678e+002
6.437529e+001 -7.296484e+001 -1.826977e+002
7.298284e+001 -7.582239e+001 -1.727317e+002
1.021957e+002 -5.824538e+001 -2.011019e+002
1.024981e+002 -6.796040e+001 -1.929506e+002
9.575225e+001 -7.517651e+001 -1.849911e+002
9.061781e+001 -7.725815e+001 -1.735798e+002
6.264725e+001 -4.665280e+001 -1.876662e+002
6.000732e+001 -5.927283e+001 -1.843207e+002
6.271556e+001 -7.161193e+001 -1.800986e+002
1.065746e+002 -5.368703e+001 -1.890807e+002
1.055888e+002 -6.476881e+001 -1.830295e+002
1.011527e+002 -7.636900e+001 -1.805516e+002
6.526173e+001 -4.578765e+001 -1.724429e+002
6.200562e+001 -5.757706e+001 -1.697877e+002
6.218858e+001 -7.008971e+001 -1.700365e+002
1.056449e+002 -5.187583e+001 -1.742855e+002
1.059020e+002 -6.344987e+001 -1.711757e+002
1.013640e+002 -7.435506e+001 -1.691322e+002
7.790857e+001 -4.947976e+001 -1.449084e+002
7.690696e+001 -5.831466e+001 -1.544732e+002
7.619250e+001 -6.556779e+001 -1.653100e+002
9.423339e+001 -5.129507e+001 -1.457715e+002
9.260021e+001 -5.987393e+001 -1.551851e+002
9.128912e+001 -6.715836e+001 -1.656782e+002
7.701932e+001 -4.940573e+001 -1.401268e+002
8.311866e+001 -4.638145e+001 -1.407804e+002
8.990099e+001 -4.725330e+001 -1.409227e+002
9.584406e+001 -5.060090e+001 -1.414203e+002
6.757947e+001 -7.137143e+001 -1.984983e+002
7.425230e+001 -8.025101e+001 -1.970932e+002
8.533665e+001 -8.104360e+001 -1.984565e+002
9.453471e+001 -7.479826e+001 -1.997784e+002
9.843719e+001 -5.074317e+001 -1.607163e+002
8.882912e+001 -5.296966e+001 -2.054081e+002
9.554029e+001 -4.223167e+001 -1.862768e+002
9.580894e+001 -4.122664e+001 -1.706689e+002
9.327895e+001 -4.326492e+001 -1.571036e+002
9.085855e+001 -4.805755e+001 -1.441466e+002
8.444920e+001 -4.235600e+001 -1.960154e+002
8.498069e+001 -3.708140e+001 -1.827796e+002
8.553419e+001 -3.708140e+001 -1.692226e+002
8.610974e+001 -4.084681e+001 -1.564671e+002
8.670731e+001 -4.716241e+001 -1.436939e+002
7.832955e+001 -5.160984e+001 -2.041455e+002
7.435763e+001 -3.981525e+001 -1.850322e+002
7.575018e+001 -3.920721e+001 -1.698693e+002
7.916066e+001 -4.231058e+001 -1.565788e+002
8.215611e+001 -4.686293e+001 -1.435590e+002
7.250795e+001 -4.834796e+001 -1.591523e+002
