[individuals]
1
[dimensions]
3
[landmarks]
71
[rawpoints]
'#1
1.099431e+001 5.551440e+001 1.524106e+001
3.206799e+001 5.395657e+001 1.504608e+001
2.069739e+001 4.710294e+001 1.261839e+001
1.937799e+001 3.581448e+001 1.715404e+001
1.689642e+001 2.778706e+001 2.282769e+001
2.054232e+001 2.721897e+001 2.266712e+001
1.731438e+001 5.610606e+001 1.071468e+001
2.543743e+001 5.495567e+001 1.046173e+001
2.132531e+001 5.877543e+001 1.713383e+001
2.141903e+001 5.850915e+001 1.923592e+001
2.147910e+001 5.755104e+001 2.112728e+001
2.151952e+001 5.602885e+001 2.260362e+001
1.638832e+001 5.882224e+001 1.785429e+001
1.454529e+001 5.833704e+001 1.672837e+001
1.309783e+001 5.691378e+001 1.584588e+001
1.326857e+001 5.473722e+001 1.621127e+001
2.693845e+001 5.775803e+001 1.757472e+001
2.875868e+001 5.696677e+001 1.685870e+001
2.995088e+001 5.536974e+001 1.616602e+001
2.923998e+001 5.340303e+001 1.588538e+001
1.316373e+001 5.479604e+001 1.989845e+001
1.102837e+001 5.119504e+001 1.586305e+001
1.278511e+001 4.643918e+001 1.301611e+001
1.612092e+001 4.169223e+001 1.263080e+001
3.019516e+001 5.290050e+001 1.844192e+001
3.193560e+001 4.673990e+001 1.854967e+001
2.910721e+001 4.506247e+001 1.304643e+001
2.429613e+001 4.093430e+001 1.211532e+001
1.109924e+001 5.055592e+001 2.103234e+001
9.292668e+000 4.661386e+001 1.792279e+001
1.138650e+001 4.380067e+001 1.390075e+001
3.107674e+001 4.756311e+001 2.140998e+001
3.188040e+001 4.406799e+001 1.756252e+001
2.926569e+001 4.186346e+001 1.356612e+001
1.064989e+001 4.423480e+001 2.192800e+001
1.006261e+001 4.205729e+001 1.816467e+001
1.230820e+001 4.080196e+001 1.461063e+001
3.027197e+001 4.230519e+001 2.210121e+001
3.041677e+001 4.003916e+001 1.803648e+001
2.755261e+001 3.872954e+001 1.460739e+001
1.599835e+001 3.258018e+001 2.278022e+001
1.511651e+001 3.502123e+001 1.894490e+001
1.579690e+001 3.816145e+001 1.560999e+001
2.262418e+001 3.184988e+001 2.193466e+001
2.444093e+001 3.431431e+001 1.845313e+001
2.369155e+001 3.749249e+001 1.516219e+001
1.487333e+001 3.047846e+001 2.239979e+001
1.749731e+001 2.958373e+001 2.387200e+001
2.060088e+001 2.913112e+001 2.373990e+001
2.295756e+001 2.919494e+001 2.166727e+001
1.632010e+001 5.201816e+001 1.161453e+001
1.954318e+001 5.187113e+001 1.070428e+001
2.289110e+001 5.171046e+001 1.063628e+001
2.613905e+001 5.156643e+001 1.145389e+001
2.799503e+001 3.701289e+001 2.217986e+001
2.492360e+001 5.452321e+001 2.160562e+001
2.631955e+001 4.733024e+001 2.590603e+001
2.575724e+001 4.174906e+001 2.639460e+001
2.417309e+001 3.673705e+001 2.562519e+001
2.135088e+001 3.198726e+001 2.391776e+001
2.161480e+001 5.155159e+001 2.447228e+001
2.135820e+001 4.673747e+001 2.676812e+001
2.093228e+001 4.189752e+001 2.739475e+001
2.048507e+001 3.716316e+001 2.597479e+001
1.941775e+001 3.224743e+001 2.417157e+001
1.884714e+001 5.532285e+001 2.162092e+001
1.578986e+001 4.859792e+001 2.594145e+001
1.526522e+001 4.272337e+001 2.664441e+001
1.614486e+001 3.724557e+001 2.584950e+001
1.760209e+001 3.230985e+001 2.418532e+001
1.232363e+001 3.768435e+001 2.246094e+001
