[individuals]
1
[dimensions]
3
[landmarks]
71
[rawpoints]
'#1
7.350010e+000 2.767520e+001 1.152944e+001
2.842937e+001 2.952306e+001 6.038160e+000
1.780627e+001 2.087462e+001 5.282239e+000
1.982411e+001 8.099808e+000 9.220510e+000
1.846802e+001 5.039229e-001 1.464844e+001
2.414648e+001 7.671065e-001 1.351008e+001
1.278922e+001 2.914013e+001 5.258654e+000
2.078752e+001 2.987947e+001 3.150061e+000
1.810221e+001 3.325480e+001 9.739002e+000
1.889005e+001 3.269865e+001 1.274361e+001
1.958633e+001 3.102242e+001 1.532484e+001
2.031902e+001 2.820314e+001 1.653813e+001
1.220352e+001 3.159759e+001 1.257493e+001
1.047955e+001 3.079672e+001 1.237863e+001
9.275839e+000 2.933947e+001 1.209593e+001
9.980034e+000 2.756651e+001 1.220826e+001
2.381174e+001 3.283596e+001 9.368110e+000
2.535512e+001 3.233800e+001 8.411556e+000
2.663071e+001 3.129181e+001 7.504276e+000
2.667908e+001 2.952648e+001 8.157721e+000
9.983307e+000 2.616884e+001 1.437751e+001
8.065374e+000 2.242332e+001 1.101803e+001
1.117737e+001 2.013703e+001 7.265382e+000
1.388214e+001 1.598052e+001 5.167195e+000
2.745401e+001 2.868099e+001 9.911930e+000
2.974027e+001 2.359617e+001 7.499290e+000
2.559384e+001 2.093519e+001 3.940248e+000
2.160198e+001 1.635573e+001 3.847541e+000
9.750817e+000 2.172929e+001 1.609480e+001
7.725903e+000 1.957142e+001 1.195639e+001
1.026050e+001 1.853115e+001 7.669499e+000
2.967272e+001 2.299901e+001 1.178169e+001
2.994048e+001 2.096495e+001 6.898360e+000
2.628321e+001 1.883091e+001 3.716172e+000
1.114583e+001 1.627253e+001 1.706574e+001
9.478232e+000 1.467725e+001 1.285672e+001
1.030821e+001 1.475856e+001 8.129453e+000
2.980970e+001 1.752663e+001 1.246139e+001
2.971117e+001 1.681005e+001 7.613076e+000
2.650315e+001 1.636494e+001 3.933484e+000
1.825170e+001 4.969975e+000 1.526322e+001
1.495193e+001 8.393939e+000 1.260620e+001
1.477610e+001 1.150245e+001 8.136910e+000
2.441258e+001 5.834355e+000 1.223400e+001
2.518412e+001 9.343423e+000 9.061867e+000
2.294470e+001 1.230721e+001 6.033375e+000
1.709479e+001 2.442591e+000 1.487133e+001
2.042273e+001 3.442634e+000 1.598357e+001
2.390248e+001 3.711206e+000 1.491992e+001
2.542948e+001 3.591723e+000 1.160847e+001
1.187397e+001 2.520582e+001 6.450988e+000
1.502815e+001 2.523627e+001 4.608798e+000
1.849948e+001 2.537096e+001 3.479316e+000
2.211940e+001 2.582858e+001 3.653711e+000
2.862188e+001 1.194255e+001 1.275909e+001
2.284759e+001 3.039293e+001 1.394079e+001
2.634908e+001 2.231022e+001 1.734426e+001
2.681480e+001 1.586342e+001 1.753411e+001
2.603583e+001 1.008729e+001 1.679998e+001
2.359016e+001 4.946836e+000 1.488013e+001
2.051255e+001 2.575908e+001 1.778406e+001
2.158182e+001 2.043113e+001 1.936855e+001
2.209885e+001 1.504857e+001 1.916604e+001
2.210018e+001 9.932980e+000 1.783835e+001
2.167098e+001 4.825158e+000 1.565367e+001
1.643744e+001 2.970405e+001 1.568257e+001
1.597668e+001 2.146792e+001 1.969538e+001
1.676632e+001 1.504918e+001 2.016384e+001
1.814285e+001 9.522872e+000 1.878411e+001
2.003818e+001 4.738620e+000 1.596588e+001
1.387475e+001 1.033909e+001 1.705976e+001
