[individuals]
1
[dimensions]
3
[landmarks]
71
[rawpoints]
'#1
5.964953e+000 3.234157e+001 1.776833e+001
2.545774e+001 2.895147e+001 7.259033e+000
1.225924e+001 2.373159e+001 9.453667e+000
1.174841e+001 9.785750e+000 1.401185e+001
1.042157e+001 1.138288e+000 1.989765e+001
1.426616e+001 7.982290e-001 1.655179e+001
1.025947e+001 3.169798e+001 1.001989e+001
1.745302e+001 3.129450e+001 6.214184e+000
1.601679e+001 3.444275e+001 1.251799e+001
1.762891e+001 3.442229e+001 1.547754e+001
1.908357e+001 3.300209e+001 1.816544e+001
1.971230e+001 3.010481e+001 1.976781e+001
1.179528e+001 3.535562e+001 1.753346e+001
9.915323e+000 3.471072e+001 1.729157e+001
8.211331e+000 3.369976e+001 1.733781e+001
8.332496e+000 3.168648e+001 1.726644e+001
2.216594e+001 3.296675e+001 1.234351e+001
2.290501e+001 3.235056e+001 1.046180e+001
2.356863e+001 3.094687e+001 9.027939e+000
2.327361e+001 2.893983e+001 9.620991e+000
9.492344e+000 3.096063e+001 2.050562e+001
4.869265e+000 2.695556e+001 1.903717e+001
5.231199e+000 2.353004e+001 1.377418e+001
7.065967e+000 1.795987e+001 1.149910e+001
2.510916e+001 2.755957e+001 1.114112e+001
2.421991e+001 2.307552e+001 7.490127e+000
1.936899e+001 2.003674e+001 6.281877e+000
1.474338e+001 1.655767e+001 7.134331e+000
7.652897e+000 2.436025e+001 2.368154e+001
3.733091e+000 2.271703e+001 2.010225e+001
3.746522e+000 2.089513e+001 1.485161e+001
2.635624e+001 2.201577e+001 1.157296e+001
2.458757e+001 1.894320e+001 7.652769e+000
1.966300e+001 1.807692e+001 5.939468e+000
7.542109e+000 1.842065e+001 2.395821e+001
5.054544e+000 1.568129e+001 2.057097e+001
4.982354e+000 1.587544e+001 1.555867e+001
2.544738e+001 1.640524e+001 1.257604e+001
2.338478e+001 1.494145e+001 8.564914e+000
1.905857e+001 1.465363e+001 6.643964e+000
1.060550e+001 6.372037e+000 2.090477e+001
7.904165e+000 9.982159e+000 1.819604e+001
7.768290e+000 1.364215e+001 1.442039e+001
1.637008e+001 5.361637e+000 1.647994e+001
1.925012e+001 8.336686e+000 1.278155e+001
1.625949e+001 1.190640e+001 9.759352e+000
9.068127e+000 4.331641e+000 2.073914e+001
1.204319e+001 2.957882e+000 2.073261e+001
1.479047e+001 2.223099e+000 1.910448e+001
1.615759e+001 2.633581e+000 1.615467e+001
8.562748e+000 2.915319e+001 1.144717e+001
1.145774e+001 2.846108e+001 8.857325e+000
1.496223e+001 2.820165e+001 7.063175e+000
1.795751e+001 2.749220e+001 4.594700e+000
2.264412e+001 1.058059e+001 1.394716e+001
2.170213e+001 2.961187e+001 1.705776e+001
2.435831e+001 2.044152e+001 1.971365e+001
2.292154e+001 1.437565e+001 1.980062e+001
2.028949e+001 9.436313e+000 1.957723e+001
1.619197e+001 5.328823e+000 1.913690e+001
1.972950e+001 2.464590e+001 2.187375e+001
1.931276e+001 1.943321e+001 2.336653e+001
1.817635e+001 1.455763e+001 2.338487e+001
1.646863e+001 1.012546e+001 2.190050e+001
1.450406e+001 5.503651e+000 2.021962e+001
1.644944e+001 3.064366e+001 1.986998e+001
1.417652e+001 2.140517e+001 2.553574e+001
1.326340e+001 1.552224e+001 2.546258e+001
1.277705e+001 1.042200e+001 2.385828e+001
1.279060e+001 5.782173e+000 2.123203e+001
8.603315e+000 1.190335e+001 2.325349e+001
