[individuals]
1
[dimensions]
3
[landmarks]
71
[rawpoints]
'#1
2.371466e+001 7.320381e+000 1.888995e+001
8.882786e+000 7.579976e+000 1.857021e+001
1.666493e+001 1.154433e+001 1.578328e+001
1.663997e+001 2.125923e+001 1.738911e+001
1.827365e+001 2.701721e+001 2.042337e+001
1.519721e+001 2.715601e+001 2.025046e+001
1.895919e+001 6.281515e+000 1.602242e+001
1.327657e+001 6.384942e+000 1.645808e+001
1.630258e+001 4.501314e+000 2.078951e+001
1.633618e+001 4.786950e+000 2.270351e+001
1.636890e+001 5.576154e+000 2.447052e+001
1.641733e+001 7.246031e+000 2.544785e+001
2.022707e+001 4.776505e+000 2.139477e+001
2.151175e+001 5.033375e+000 2.101651e+001
2.252319e+001 5.875592e+000 2.065990e+001
2.260065e+001 7.235034e+000 2.073296e+001
1.246018e+001 4.757333e+000 2.117296e+001
1.116015e+001 5.022945e+000 2.058945e+001
1.038092e+001 6.167218e+000 2.015981e+001
1.016696e+001 7.569930e+000 2.045594e+001
2.273681e+001 8.604704e+000 2.221532e+001
2.422476e+001 1.130342e+001 1.930090e+001
2.188174e+001 1.275607e+001 1.607743e+001
1.908910e+001 1.555095e+001 1.453406e+001
9.768736e+000 8.849186e+000 2.175420e+001
9.817534e+000 1.113236e+001 1.845176e+001
1.153930e+001 1.325791e+001 1.551260e+001
1.419649e+001 1.612991e+001 1.461071e+001
2.374129e+001 1.251633e+001 2.335843e+001
2.468528e+001 1.353191e+001 1.951921e+001
2.266116e+001 1.429264e+001 1.605697e+001
9.058277e+000 1.187101e+001 2.263371e+001
8.565500e+000 1.358605e+001 1.906451e+001
1.068238e+001 1.472926e+001 1.588072e+001
2.299210e+001 1.639517e+001 2.344176e+001
2.336011e+001 1.691796e+001 1.983047e+001
2.191706e+001 1.687232e+001 1.645923e+001
9.628210e+000 1.553607e+001 2.288295e+001
9.486045e+000 1.647924e+001 1.946325e+001
1.110882e+001 1.656878e+001 1.630687e+001
1.942983e+001 2.370293e+001 2.151752e+001
2.001735e+001 2.106648e+001 1.908981e+001
1.938687e+001 1.857393e+001 1.652465e+001
1.405344e+001 2.384564e+001 2.136782e+001
1.338564e+001 2.124007e+001 1.917854e+001
1.391786e+001 1.890970e+001 1.666572e+001
1.979924e+001 2.489875e+001 2.116371e+001
1.782549e+001 2.514335e+001 2.230940e+001
1.553411e+001 2.527458e+001 2.230652e+001
1.369502e+001 2.511194e+001 2.094306e+001
1.980469e+001 8.846111e+000 1.667999e+001
1.764719e+001 8.904472e+000 1.552025e+001
1.519707e+001 8.924039e+000 1.551670e+001
1.305917e+001 8.844387e+000 1.671092e+001
1.128188e+001 1.962630e+001 2.249684e+001
1.363308e+001 7.697698e+000 2.441322e+001
1.224026e+001 1.326421e+001 2.620109e+001
1.274322e+001 1.740272e+001 2.534952e+001
1.379597e+001 2.087618e+001 2.401584e+001
1.522285e+001 2.410563e+001 2.233317e+001
1.656900e+001 1.093291e+001 2.572373e+001
1.656368e+001 1.442939e+001 2.584328e+001
1.659779e+001 1.775601e+001 2.524691e+001
1.667394e+001 2.087153e+001 2.401437e+001
1.678684e+001 2.392683e+001 2.233432e+001
1.904437e+001 7.588570e+000 2.446291e+001
2.055496e+001 1.352966e+001 2.623783e+001
2.012045e+001 1.770094e+001 2.535310e+001
1.930246e+001 2.109410e+001 2.399783e+001
1.823887e+001 2.404838e+001 2.234562e+001
2.152089e+001 2.031666e+001 2.289129e+001
