[individuals]
1
[dimensions]
3
[landmarks]
71
[rawpoints]
'#1
6.036345e+000 3.525190e+001 1.417050e+001
2.021013e+001 3.492141e+001 1.388365e+001
1.301366e+001 2.992969e+001 1.077178e+001
1.264835e+001 2.115528e+001 1.262543e+001
1.091980e+001 1.501652e+001 1.577719e+001
1.388060e+001 1.500812e+001 1.608068e+001
1.043426e+001 3.625538e+001 1.013327e+001
1.581434e+001 3.634347e+001 1.017640e+001
1.328382e+001 3.882354e+001 1.480114e+001
1.320888e+001 3.832885e+001 1.689611e+001
1.311420e+001 3.710052e+001 1.866297e+001
1.298136e+001 3.513322e+001 1.952964e+001
9.310862e+000 3.845287e+001 1.481100e+001
8.321588e+000 3.818321e+001 1.460422e+001
7.653233e+000 3.739444e+001 1.444551e+001
7.430507e+000 3.647456e+001 1.489091e+001
1.659418e+001 3.820118e+001 1.509377e+001
1.794665e+001 3.781370e+001 1.487859e+001
1.863338e+001 3.657278e+001 1.475928e+001
1.869956e+001 3.520929e+001 1.516191e+001
6.862278e+000 3.455834e+001 1.683646e+001
5.206401e+000 3.159553e+001 1.392669e+001
7.449580e+000 2.905358e+001 1.101240e+001
1.034905e+001 2.585752e+001 9.844447e+000
1.902847e+001 3.408938e+001 1.718172e+001
2.093964e+001 3.051128e+001 1.482625e+001
1.880007e+001 2.820762e+001 1.134467e+001
1.534730e+001 2.535131e+001 9.957632e+000
5.574675e+000 3.087872e+001 1.772099e+001
4.555147e+000 2.858713e+001 1.444466e+001
6.673410e+000 2.713805e+001 1.121368e+001
1.993456e+001 3.022270e+001 1.841343e+001
2.119820e+001 2.811247e+001 1.492769e+001
1.909047e+001 2.669902e+001 1.149834e+001
5.719619e+000 2.686967e+001 1.806868e+001
5.449690e+000 2.596689e+001 1.460884e+001
7.223510e+000 2.540578e+001 1.154308e+001
1.957796e+001 2.640160e+001 1.868850e+001
1.980188e+001 2.509466e+001 1.526878e+001
1.836852e+001 2.466380e+001 1.192022e+001
1.022893e+001 1.848249e+001 1.673499e+001
9.686494e+000 2.088596e+001 1.439705e+001
1.021150e+001 2.324314e+001 1.200838e+001
1.481339e+001 1.826540e+001 1.684047e+001
1.568690e+001 2.057406e+001 1.458595e+001
1.530972e+001 2.281137e+001 1.213076e+001
9.761278e+000 1.693602e+001 1.647879e+001
1.146729e+001 1.653525e+001 1.725876e+001
1.338222e+001 1.645026e+001 1.733124e+001
1.515145e+001 1.685475e+001 1.670999e+001
9.922701e+000 3.388579e+001 1.074326e+001
1.198720e+001 3.353756e+001 9.699532e+000
1.432471e+001 3.344810e+001 9.735651e+000
1.632476e+001 3.384391e+001 1.088291e+001
1.814966e+001 2.232750e+001 1.829064e+001
1.531021e+001 3.556987e+001 1.843982e+001
1.686355e+001 2.985147e+001 2.140838e+001
1.644140e+001 2.550606e+001 2.100662e+001
1.552271e+001 2.165293e+001 1.981282e+001
1.384849e+001 1.819111e+001 1.757755e+001
1.299566e+001 3.329813e+001 2.027244e+001
1.283141e+001 2.930774e+001 2.125795e+001
1.272197e+001 2.547242e+001 2.103763e+001
1.266689e+001 2.176483e+001 1.991729e+001
1.265969e+001 1.825889e+001 1.758231e+001
1.063559e+001 3.597061e+001 1.820687e+001
8.709277e+000 3.037755e+001 2.120742e+001
8.887781e+000 2.579189e+001 2.091117e+001
9.739093e+000 2.175771e+001 1.967337e+001
1.134748e+001 1.827455e+001 1.757240e+001
7.094867e+000 2.269171e+001 1.785125e+001
