[individuals]
1
[dimensions]
3
[landmarks]
71
[rawpoints]
'#1
1.167497e+001 1.283512e+002 3.788734e+001
4.805716e+001 1.276793e+002 3.813707e+001
3.053718e+001 1.167319e+002 2.619360e+001
2.954416e+001 8.809729e+001 2.895148e+001
2.662019e+001 7.519288e+001 3.854478e+001
3.197379e+001 7.518919e+001 3.942712e+001
2.174390e+001 1.313784e+002 2.755714e+001
3.802620e+001 1.317050e+002 2.749135e+001
3.022398e+001 1.353639e+002 4.043457e+001
3.041694e+001 1.340443e+002 4.442803e+001
3.055140e+001 1.320776e+002 4.814838e+001
3.076796e+001 1.284757e+002 5.031747e+001
2.137008e+001 1.325353e+002 4.349131e+001
1.782722e+001 1.318578e+002 4.286111e+001
1.475885e+001 1.298604e+002 4.280634e+001
1.589679e+001 1.268370e+002 4.108220e+001
3.811908e+001 1.326681e+002 4.248421e+001
4.070404e+001 1.324205e+002 4.165179e+001
4.287173e+001 1.309259e+002 4.094182e+001
4.383116e+001 1.285128e+002 4.010980e+001
1.563788e+001 1.213768e+002 4.182413e+001
1.363757e+001 1.155148e+002 3.619951e+001
1.804552e+001 1.108536e+002 3.082896e+001
2.189075e+001 1.045286e+002 2.692840e+001
4.388100e+001 1.217850e+002 4.225345e+001
4.566217e+001 1.161164e+002 3.679763e+001
4.183120e+001 1.112019e+002 3.167435e+001
3.832071e+001 1.054255e+002 2.727142e+001
1.495330e+001 1.096504e+002 4.417506e+001
1.265153e+001 1.059072e+002 3.791673e+001
1.536222e+001 1.055597e+002 3.077448e+001
4.477173e+001 1.129098e+002 4.404097e+001
4.750240e+001 1.101512e+002 3.763641e+001
4.384348e+001 1.084467e+002 3.132806e+001
1.582418e+001 9.928348e+001 4.205335e+001
1.539922e+001 1.003938e+002 3.602464e+001
1.765550e+001 1.018757e+002 3.050399e+001
4.347571e+001 1.018410e+002 4.287311e+001
4.523310e+001 1.017904e+002 3.680396e+001
4.285810e+001 1.033970e+002 3.117307e+001
2.429528e+001 8.184203e+001 3.697885e+001
2.149810e+001 8.858926e+001 3.264445e+001
2.229076e+001 9.646070e+001 2.955329e+001
3.398005e+001 8.167799e+001 3.647948e+001
3.724718e+001 8.910762e+001 3.327993e+001
3.740640e+001 9.718760e+001 2.999385e+001
2.439876e+001 7.861760e+001 3.583034e+001
2.756214e+001 7.827322e+001 4.015380e+001
3.278713e+001 7.874981e+001 3.901776e+001
3.431770e+001 7.893361e+001 3.387550e+001
1.959291e+001 1.248188e+002 3.144202e+001
2.593692e+001 1.247044e+002 2.679063e+001
3.377040e+001 1.245890e+002 2.607085e+001
3.996665e+001 1.244853e+002 3.091769e+001
4.034460e+001 9.037529e+001 4.003129e+001
3.609357e+001 1.236333e+002 4.710510e+001
3.865340e+001 1.079104e+002 5.051603e+001
3.728762e+001 9.747507e+001 4.805004e+001
3.555104e+001 8.816217e+001 4.506548e+001
3.198944e+001 8.089775e+001 3.995047e+001
3.008011e+001 1.131723e+002 5.198488e+001
2.997068e+001 1.046444e+002 5.040860e+001
2.992679e+001 9.623866e+001 4.848555e+001
2.972395e+001 8.804742e+001 4.581724e+001
2.953676e+001 8.082263e+001 4.084583e+001
2.490843e+001 1.234020e+002 4.784266e+001
2.176269e+001 1.062210e+002 5.083130e+001
2.225803e+001 9.616741e+001 4.790406e+001
2.351323e+001 8.749142e+001 4.476901e+001
2.692912e+001 8.100388e+001 4.008678e+001
1.839406e+001 9.003400e+001 3.866114e+001
