[individuals]
1
[dimensions]
3
[landmarks]
71
[rawpoints]
'#1
-3.161071e+001 7.213419e+001 -1.231735e+003
-1.284245e+000 7.666793e+001 -1.227120e+003
-1.403285e+001 6.449859e+001 -1.238922e+003
-1.041304e+001 3.925780e+001 -1.230128e+003
-1.445237e+001 2.953820e+001 -1.221278e+003
-7.165403e+000 3.064145e+001 -1.219662e+003
-2.223259e+001 7.529791e+001 -1.240184e+003
-9.242938e+000 7.710307e+001 -1.238627e+003
-1.701074e+001 8.135912e+001 -1.230998e+003
-1.754472e+001 8.174804e+001 -1.226425e+003
-1.788960e+001 8.107391e+001 -1.221868e+003
-1.822152e+001 7.739936e+001 -1.219088e+003
-2.374573e+001 7.922099e+001 -1.226835e+003
-2.716977e+001 7.771053e+001 -1.228308e+003
-3.025634e+001 7.549348e+001 -1.229624e+003
-2.882189e+001 7.173662e+001 -1.229671e+003
-1.078744e+001 8.125443e+001 -1.224601e+003
-7.338251e+000 8.030751e+001 -1.225227e+003
-4.016513e+000 7.888814e+001 -1.225597e+003
-4.408245e+000 7.535243e+001 -1.226326e+003
-2.826369e+001 6.821759e+001 -1.224909e+003
-3.185191e+001 5.993806e+001 -1.230543e+003
-2.661782e+001 5.390892e+001 -1.237574e+003
-1.752618e+001 4.843488e+001 -1.238314e+003
-3.990891e+000 7.160182e+001 -1.223041e+003
4.583936e-001 6.608817e+001 -1.228855e+003
-2.170056e-001 5.856125e+001 -1.234041e+003
-4.827463e+000 5.117008e+001 -1.236889e+003
-2.978371e+001 6.035158e+001 -1.223236e+003
-3.130174e+001 5.382201e+001 -1.229864e+003
-2.678548e+001 4.961374e+001 -1.236991e+003
-7.170105e-002 6.196278e+001 -1.221136e+003
3.689168e+000 5.768919e+001 -1.226451e+003
1.204141e+000 5.384939e+001 -1.232755e+003
-2.873346e+001 5.148035e+001 -1.222601e+003
-2.771784e+001 4.758826e+001 -1.228757e+003
-2.335111e+001 4.609484e+001 -1.234483e+003
5.575714e-001 5.268038e+001 -1.220847e+003
1.612489e+000 5.048583e+001 -1.226597e+003
-5.812913e-001 5.012947e+001 -1.232431e+003
-1.580603e+001 3.393883e+001 -1.222693e+003
-1.843402e+001 3.657524e+001 -1.229243e+003
-1.707975e+001 4.249198e+001 -1.233705e+003
-5.311821e+000 3.492551e+001 -1.222929e+003
-2.755739e+000 4.009154e+001 -1.227535e+003
-4.673410e+000 4.546721e+001 -1.232211e+003
-1.549677e+001 3.149978e+001 -1.223810e+003
-1.273806e+001 3.178566e+001 -1.219616e+003
-7.762621e+000 3.250045e+001 -1.219506e+003
-4.828747e+000 3.266870e+001 -1.223585e+003
-2.195238e+001 6.883194e+001 -1.236716e+003
-1.706895e+001 6.768927e+001 -1.239350e+003
-1.151288e+001 6.854580e+001 -1.238652e+003
-8.030209e+000 7.083350e+001 -1.234814e+003
-3.381065e-001 4.293465e+001 -1.220958e+003
-1.316908e+001 7.145510e+001 -1.220128e+003
-7.216486e+000 5.569637e+001 -1.213606e+003
-6.225241e+000 4.595610e+001 -1.214176e+003
-6.578580e+000 3.938215e+001 -1.217144e+003
-8.399093e+000 3.472439e+001 -1.219216e+003
-1.657466e+001 6.140619e+001 -1.216027e+003
-1.528876e+001 5.192657e+001 -1.214820e+003
-1.401795e+001 4.431076e+001 -1.214995e+003
-1.252697e+001 3.884964e+001 -1.217435e+003
-1.157424e+001 3.466622e+001 -1.219325e+003
-2.161375e+001 7.013462e+001 -1.221368e+003
-2.395882e+001 5.488718e+001 -1.216235e+003
-2.197133e+001 4.570287e+001 -1.216404e+003
-1.850327e+001 3.904455e+001 -1.218180e+003
-1.408465e+001 3.426761e+001 -1.219941e+003
-2.473813e+001 4.204880e+001 -1.222392e+003
