[individuals]
1
[dimensions]
3
[landmarks]
71
[rawpoints]
'#1
-1.306192e+001 8.321767e+001 -1.221393e+003
1.910950e+001 8.075174e+001 -1.218114e+003
3.116785e+000 7.078380e+001 -1.228678e+003
1.830826e+000 4.445444e+001 -1.224176e+003
-2.982687e+000 3.078624e+001 -1.217462e+003
3.281221e+000 3.018695e+001 -1.214776e+003
-3.256840e+000 8.362196e+001 -1.230510e+003
1.163013e+001 8.370235e+001 -1.229204e+003
3.440330e+000 8.981410e+001 -1.219224e+003
3.544281e+000 8.934463e+001 -1.214748e+003
3.346114e+000 8.742455e+001 -1.210681e+003
2.807965e+000 8.357181e+001 -1.208415e+003
-4.288085e+000 8.784804e+001 -1.215447e+003
-8.026776e+000 8.801785e+001 -1.216839e+003
-1.147064e+001 8.619839e+001 -1.217720e+003
-1.038715e+001 8.241452e+001 -1.218393e+003
9.572780e+000 8.702785e+001 -1.215784e+003
1.390512e+001 8.705816e+001 -1.216349e+003
1.738512e+001 8.459554e+001 -1.215378e+003
1.675454e+001 8.037524e+001 -1.216323e+003
-9.457373e+000 7.548356e+001 -1.215262e+003
-9.683643e+000 6.982253e+001 -1.221529e+003
-9.034673e+000 6.319341e+001 -1.226726e+003
-5.522416e+000 5.579948e+001 -1.228815e+003
1.504180e+001 7.372835e+001 -1.212902e+003
1.595051e+001 6.834589e+001 -1.219146e+003
1.496362e+001 6.231908e+001 -1.224758e+003
1.124839e+001 5.567311e+001 -1.228048e+003
-1.380319e+001 6.572108e+001 -1.215521e+003
-1.503858e+001 6.175742e+001 -1.221109e+003
-1.126216e+001 5.856885e+001 -1.226012e+003
1.717955e+001 6.761658e+001 -1.211928e+003
2.019305e+001 6.314592e+001 -1.217725e+003
1.668622e+001 5.967661e+001 -1.223917e+003
-1.365861e+001 5.571058e+001 -1.217177e+003
-1.275241e+001 5.488472e+001 -1.222075e+003
-9.677614e+000 5.493785e+001 -1.226079e+003
1.698751e+001 5.768519e+001 -1.211922e+003
1.856043e+001 5.587691e+001 -1.217942e+003
1.631045e+001 5.551910e+001 -1.224007e+003
-4.350980e+000 3.784726e+001 -1.218684e+003
-5.641357e+000 4.357481e+001 -1.222346e+003
-5.359618e+000 4.965055e+001 -1.225646e+003
5.916745e+000 3.693074e+001 -1.215705e+003
9.752158e+000 4.242232e+001 -1.219806e+003
1.039798e+001 4.879947e+001 -1.224345e+003
-4.288673e+000 3.442139e+001 -1.217985e+003
-2.045360e+000 3.370335e+001 -1.213236e+003
3.236252e+000 3.335855e+001 -1.212891e+003
6.129648e+000 3.389808e+001 -1.217300e+003
-5.153109e+000 7.811821e+001 -1.226072e+003
3.667129e-001 7.666935e+001 -1.229846e+003
7.192117e+000 7.679368e+001 -1.229382e+003
1.245502e+001 7.831874e+001 -1.225285e+003
1.383448e+001 4.646850e+001 -1.213032e+003
8.940995e+000 7.672523e+001 -1.211505e+003
1.033495e+001 6.118344e+001 -1.204379e+003
9.248420e+000 5.182233e+001 -1.205643e+003
6.910501e+000 4.355435e+001 -1.208526e+003
3.698251e+000 3.623188e+001 -1.212490e+003
1.210140e+000 6.536114e+001 -1.206003e+003
6.460361e-001 5.766838e+001 -1.205293e+003
4.433597e-001 5.028963e+001 -1.206390e+003
5.830540e-001 4.332463e+001 -1.209047e+003
1.122797e+000 3.621530e+001 -1.212139e+003
-3.947681e+000 7.609031e+001 -1.212765e+003
-8.250905e+000 6.023417e+001 -1.206271e+003
-8.098969e+000 5.045718e+001 -1.208005e+003
-5.724645e+000 4.302107e+001 -1.210892e+003
-2.332408e+000 3.643543e+001 -1.213037e+003
-1.058708e+001 4.597773e+001 -1.218914e+003
