[individuals]
1
[dimensions]
3
[landmarks]
71
[rawpoints]
'#1
1.304194e+001 5.937489e+001 1.341290e+001
3.495420e+001 5.948816e+001 1.391945e+001
2.425435e+001 5.417481e+001 8.361599e+000
2.442722e+001 3.496831e+001 1.232461e+001
2.131521e+001 2.775447e+001 1.633469e+001
2.700729e+001 2.788281e+001 1.626615e+001
1.985151e+001 6.138409e+001 8.829990e+000
2.872715e+001 6.117880e+001 8.803661e+000
2.396512e+001 6.522969e+001 1.571119e+001
2.373537e+001 6.456190e+001 1.885097e+001
2.391117e+001 6.266365e+001 2.144395e+001
2.415233e+001 5.969925e+001 2.267335e+001
1.932476e+001 6.352512e+001 1.652903e+001
1.753391e+001 6.274150e+001 1.609778e+001
1.621692e+001 6.127613e+001 1.574378e+001
1.590049e+001 5.930019e+001 1.579686e+001
2.908999e+001 6.352394e+001 1.628979e+001
3.085243e+001 6.284594e+001 1.567735e+001
3.223179e+001 6.150570e+001 1.518520e+001
3.233675e+001 5.954288e+001 1.546373e+001
1.605331e+001 5.626701e+001 1.790022e+001
1.315188e+001 5.234295e+001 1.378078e+001
1.620851e+001 4.858555e+001 9.619183e+000
2.005220e+001 4.393343e+001 7.528793e+000
3.298018e+001 5.566241e+001 1.701273e+001
3.527102e+001 5.122857e+001 1.377972e+001
3.209613e+001 4.819285e+001 9.771997e+000
2.846067e+001 4.413816e+001 7.384033e+000
1.354006e+001 5.078695e+001 1.929445e+001
1.299681e+001 4.769305e+001 1.476398e+001
1.574985e+001 4.597297e+001 1.030780e+001
3.471721e+001 4.998747e+001 1.890848e+001
3.510482e+001 4.773757e+001 1.426486e+001
3.233714e+001 4.604034e+001 1.023553e+001
1.467147e+001 4.486773e+001 1.946801e+001
1.471573e+001 4.385226e+001 1.489166e+001
1.652917e+001 4.346679e+001 1.058597e+001
3.331315e+001 4.431049e+001 1.896114e+001
3.320346e+001 4.340044e+001 1.461464e+001
3.149899e+001 4.329910e+001 1.051393e+001
2.164426e+001 3.298409e+001 1.824457e+001
2.011646e+001 3.637825e+001 1.461569e+001
2.024175e+001 3.987362e+001 1.076994e+001
2.686665e+001 3.315847e+001 1.754131e+001
2.840865e+001 3.656202e+001 1.410121e+001
2.822085e+001 4.012168e+001 1.048338e+001
2.071444e+001 3.098512e+001 1.646986e+001
2.202600e+001 3.089669e+001 1.913333e+001
2.498746e+001 3.087175e+001 1.935955e+001
2.724503e+001 3.070428e+001 1.743653e+001
1.805023e+001 5.671124e+001 9.787804e+000
2.181775e+001 5.684344e+001 8.071272e+000
2.595160e+001 5.658316e+001 8.099844e+000
2.975393e+001 5.670956e+001 9.738289e+000
3.071649e+001 3.829557e+001 1.833772e+001
2.819823e+001 5.671741e+001 2.068072e+001
2.991034e+001 4.784360e+001 2.450883e+001
2.928497e+001 4.176572e+001 2.430694e+001
2.775867e+001 3.674499e+001 2.245890e+001
2.552323e+001 3.284151e+001 1.931746e+001
2.421953e+001 5.153936e+001 2.472460e+001
2.420331e+001 4.625855e+001 2.590440e+001
2.415218e+001 4.134193e+001 2.522055e+001
2.403433e+001 3.697892e+001 2.284603e+001
2.400046e+001 3.279003e+001 1.965922e+001
2.039287e+001 5.695112e+001 2.125348e+001
1.855900e+001 4.822442e+001 2.487233e+001
1.910040e+001 4.208117e+001 2.467859e+001
2.045415e+001 3.699332e+001 2.280703e+001
2.274994e+001 3.281376e+001 1.940820e+001
1.722816e+001 3.863783e+001 1.898641e+001
