[individuals]
1
[dimensions]
3
[landmarks]
71
[rawpoints]
'#1
3.811417e+000 1.540661e+001 2.586323e+000
1.081766e+001 1.427849e+001 2.176882e+000
6.980523e+000 1.325232e+001 1.660478e+000
6.179460e+000 9.353930e+000 2.984642e+000
4.966865e+000 7.921675e+000 5.162140e+000
7.002617e+000 7.555786e+000 4.893114e+000
5.973454e+000 1.594104e+001 1.167501e+000
8.933524e+000 1.558554e+001 1.094026e+000
7.692665e+000 1.658796e+001 3.718497e+000
7.674357e+000 1.635500e+001 4.159144e+000
7.614910e+000 1.598083e+001 4.483572e+000
7.523015e+000 1.555999e+001 4.735033e+000
5.986334e+000 1.684049e+001 3.364512e+000
5.373993e+000 1.663866e+001 3.401245e+000
4.907623e+000 1.619292e+001 3.371457e+000
4.896505e+000 1.555312e+001 3.458751e+000
9.470275e+000 1.604716e+001 2.759962e+000
9.890300e+000 1.576972e+001 2.937737e+000
1.010215e+001 1.532550e+001 3.144621e+000
1.013145e+001 1.480734e+001 3.269811e+000
4.171165e+000 1.507423e+001 3.807992e+000
3.195815e+000 1.364220e+001 3.587961e+000
4.322290e+000 1.281444e+001 2.525200e+000
5.002520e+000 1.134559e+001 1.858480e+000
1.039801e+001 1.379310e+001 3.531751e+000
1.081691e+001 1.263832e+001 2.312766e+000
9.192329e+000 1.190581e+001 2.162500e+000
7.915597e+000 1.078856e+001 1.709417e+000
3.967189e+000 1.373067e+001 4.493098e+000
3.166424e+000 1.286868e+001 3.745013e+000
4.153527e+000 1.243299e+001 2.497300e+000
1.014710e+001 1.260019e+001 4.081515e+000
1.033864e+001 1.125306e+001 3.359964e+000
9.310746e+000 1.125621e+001 2.190400e+000
3.977604e+000 1.243485e+001 4.771604e+000
3.260007e+000 1.191395e+001 3.715548e+000
3.833125e+000 1.174212e+001 2.472675e+000
9.615488e+000 1.139888e+001 4.418013e+000
1.005218e+001 1.067632e+001 3.298376e+000
9.229166e+000 1.060611e+001 2.165076e+000
4.410967e+000 9.625731e+000 4.996433e+000
3.748729e+000 1.056510e+001 4.161255e+000
4.099387e+000 1.078713e+001 2.802417e+000
8.191410e+000 9.022511e+000 4.764799e+000
8.449370e+000 9.246268e+000 3.544561e+000
8.280757e+000 9.804866e+000 2.419779e+000
4.318751e+000 9.238759e+000 5.007658e+000
5.634839e+000 8.989381e+000 5.370628e+000
7.007139e+000 8.790229e+000 5.314700e+000
8.182938e+000 8.580334e+000 4.608029e+000
5.546256e+000 1.502460e+001 1.716100e+000
6.587667e+000 1.486259e+001 1.213900e+000
7.740973e+000 1.468284e+001 1.193437e+000
8.848749e+000 1.451372e+001 1.520725e+000
8.952422e+000 1.019934e+001 4.646176e+000
8.442365e+000 1.493911e+001 4.741373e+000
8.509375e+000 1.296930e+001 4.959013e+000
8.189107e+000 1.158473e+001 5.063396e+000
7.766888e+000 1.031250e+001 5.190806e+000
7.217915e+000 9.172210e+000 5.263103e+000
7.293078e+000 1.426938e+001 5.004989e+000
7.004931e+000 1.304555e+001 5.147300e+000
6.736172e+000 1.181938e+001 5.231000e+000
6.474580e+000 1.059088e+001 5.314672e+000
6.221145e+000 9.360039e+000 5.342600e+000
6.760827e+000 1.529227e+001 4.784600e+000
5.637057e+000 1.350359e+001 5.119400e+000
5.333535e+000 1.210278e+001 5.192539e+000
5.204892e+000 1.077441e+001 5.286800e+000
5.285841e+000 9.508792e+000 5.314698e+000
4.125658e+000 1.107460e+001 4.917414e+000
