[individuals]
1
[dimensions]
3
[landmarks]
71
[rawpoints]
'#1
1.198430e+000 1.706699e+001 3.329693e+000
8.200795e+000 1.767873e+001 2.548549e+000
4.666813e+000 1.590856e+001 1.874799e+000
5.183577e+000 1.198668e+001 2.700767e+000
5.006436e+000 9.952221e+000 5.023407e+000
6.596461e+000 1.013733e+001 4.813692e+000
2.992616e+000 1.791779e+001 1.760577e+000
5.972815e+000 1.815571e+001 1.372355e+000
4.807835e+000 1.893981e+001 4.113275e+000
4.812407e+000 1.871881e+001 4.427404e+000
4.807598e+000 1.841556e+001 4.663095e+000
4.802838e+000 1.806085e+001 4.810380e+000
2.795567e+000 1.856999e+001 3.601034e+000
2.299152e+000 1.838249e+001 3.716528e+000
2.161041e+000 1.785913e+001 3.760841e+000
2.298170e+000 1.736205e+001 3.931253e+000
6.683943e+000 1.887583e+001 3.219273e+000
7.148208e+000 1.869792e+001 3.296869e+000
7.378612e+000 1.825082e+001 3.311217e+000
7.329488e+000 1.775508e+001 3.240275e+000
1.576307e+000 1.619325e+001 4.084467e+000
1.657903e+000 1.464163e+001 4.198565e+000
2.798388e+000 1.425687e+001 3.139932e+000
3.468325e+000 1.308800e+001 2.319596e+000
8.209572e+000 1.698056e+001 3.300370e+000
8.571898e+000 1.536719e+001 3.285400e+000
7.188593e+000 1.475884e+001 2.525327e+000
6.488638e+000 1.340363e+001 1.844944e+000
1.882848e+000 1.509067e+001 4.462282e+000
1.886715e+000 1.382079e+001 4.156313e+000
2.715003e+000 1.383168e+001 3.106007e+000
8.231451e+000 1.585341e+001 3.765873e+000
8.434329e+000 1.455839e+001 3.357693e+000
7.300160e+000 1.434880e+001 2.490871e+000
2.372076e+000 1.394681e+001 4.693906e+000
1.969377e+000 1.333359e+001 3.865984e+000
2.644020e+000 1.339406e+001 2.990951e+000
8.014799e+000 1.461326e+001 4.065783e+000
8.320164e+000 1.392861e+001 3.137191e+000
7.396461e+000 1.397074e+001 2.376140e+000
3.745288e+000 1.167747e+001 4.911248e+000
3.021158e+000 1.212282e+001 4.190029e+000
2.970676e+000 1.255904e+001 3.165375e+000
7.251958e+000 1.206004e+001 4.514732e+000
7.784086e+000 1.277684e+001 3.657812e+000
7.498855e+000 1.319187e+001 2.527482e+000
3.810569e+000 1.067537e+001 4.756896e+000
5.050290e+000 1.061932e+001 5.119371e+000
6.317964e+000 1.083032e+001 4.978316e+000
7.419225e+000 1.117328e+001 4.394250e+000
3.036731e+000 1.718677e+001 2.072375e+000
3.998589e+000 1.712220e+001 1.494370e+000
5.112280e+000 1.717852e+001 1.353416e+000
6.155488e+000 1.742444e+001 1.691847e+000
7.668993e+000 1.332820e+001 4.299731e+000
5.987243e+000 1.772575e+001 4.700321e+000
6.499955e+000 1.593886e+001 4.888323e+000
6.566154e+000 1.454177e+001 4.964675e+000
6.530893e+000 1.321897e+001 5.007714e+000
6.396603e+000 1.197561e+001 4.996278e+000
4.863635e+000 1.688957e+001 5.133381e+000
4.959406e+000 1.565703e+001 5.258871e+000
5.100914e+000 1.440171e+001 5.258875e+000
5.286570e+000 1.314382e+001 5.286771e+000
5.516291e+000 1.188185e+001 5.202839e+000
3.462729e+000 1.733821e+001 4.914169e+000
3.426550e+000 1.554898e+001 5.175956e+000
3.688197e+000 1.419488e+001 5.259754e+000
4.087143e+000 1.294266e+001 5.287145e+000
4.608027e+000 1.177934e+001 5.235904e+000
3.015612e+000 1.280271e+001 4.824136e+000
