[individuals]
1
[dimensions]
3
[landmarks]
71
[rawpoints]
'#1
4.026930e+000 2.964071e+001 1.395632e+001
2.470042e+001 2.839593e+001 8.545532e+000
1.258277e+001 2.304496e+001 6.166401e+000
1.302995e+001 1.114234e+001 1.228770e+001
1.175240e+001 1.965616e+000 1.793782e+001
1.563312e+001 1.391181e+000 1.614403e+001
9.235025e+000 3.052695e+001 5.344639e+000
1.609873e+001 2.977156e+001 3.742714e+000
1.447854e+001 3.312953e+001 1.139202e+001
1.480511e+001 3.322742e+001 1.388797e+001
1.520470e+001 3.271592e+001 1.632218e+001
1.555206e+001 3.135468e+001 1.841329e+001
9.395784e+000 3.182010e+001 1.633857e+001
8.597806e+000 3.124001e+001 1.588709e+001
7.590331e+000 3.101970e+001 1.555010e+001
6.960289e+000 3.029048e+001 1.505173e+001
1.932420e+001 3.194153e+001 1.368850e+001
2.036940e+001 3.148571e+001 1.277813e+001
2.132989e+001 3.076359e+001 1.195061e+001
2.192930e+001 2.950764e+001 1.151223e+001
5.999727e+000 2.615779e+001 1.688685e+001
2.956541e+000 2.509003e+001 1.395124e+001
4.545603e+000 2.277909e+001 1.060788e+001
6.627078e+000 1.921404e+001 9.198647e+000
2.393210e+001 2.514367e+001 1.251271e+001
2.513090e+001 2.227459e+001 9.274580e+000
2.177674e+001 2.141453e+001 6.412445e+000
1.863659e+001 1.820536e+001 6.465763e+000
6.114227e+000 2.267750e+001 1.861781e+001
3.650423e+000 2.097264e+001 1.579790e+001
3.544184e+000 1.975776e+001 1.186839e+001
2.408092e+001 2.118310e+001 1.412251e+001
2.444638e+001 1.961830e+001 1.023889e+001
2.267533e+001 1.936774e+001 6.435646e+000
7.205549e+000 1.843674e+001 1.934717e+001
4.963793e+000 1.812153e+001 1.616431e+001
4.815332e+000 1.765771e+001 1.228902e+001
2.303528e+001 1.721147e+001 1.491923e+001
2.300602e+001 1.689254e+001 1.128335e+001
2.168677e+001 1.678658e+001 7.881820e+000
1.115038e+001 9.902815e+000 2.017361e+001
7.926844e+000 1.232132e+001 1.681039e+001
7.247797e+000 1.511666e+001 1.242000e+001
1.948384e+001 9.965310e+000 1.647135e+001
2.000250e+001 1.217698e+001 1.268609e+001
1.917276e+001 1.482233e+001 9.250619e+000
7.319840e+000 7.806673e+000 1.900475e+001
1.193019e+001 6.548244e+000 2.113911e+001
1.702408e+001 6.161399e+000 1.999993e+001
2.096576e+001 7.061231e+000 1.667599e+001
8.087175e+000 2.677974e+001 7.956768e+000
1.083015e+001 2.640562e+001 5.655774e+000
1.430299e+001 2.635550e+001 4.709027e+000
1.777245e+001 2.642096e+001 5.667198e+000
2.186490e+001 1.327686e+001 1.568221e+001
1.987132e+001 2.816208e+001 1.696597e+001
2.077595e+001 2.134142e+001 2.018696e+001
2.004677e+001 1.655320e+001 2.043593e+001
1.906756e+001 1.246321e+001 2.025219e+001
1.737821e+001 9.003352e+000 1.954144e+001
1.630040e+001 2.472293e+001 2.110112e+001
1.629996e+001 2.063641e+001 2.216221e+001
1.609039e+001 1.662076e+001 2.238003e+001
1.568052e+001 1.271605e+001 2.173842e+001
1.506113e+001 8.845644e+000 2.083884e+001
1.194916e+001 2.876656e+001 1.890704e+001
1.136766e+001 2.208075e+001 2.241410e+001
1.180767e+001 1.723767e+001 2.245788e+001
1.230874e+001 1.298990e+001 2.189254e+001
1.329244e+001 9.169436e+000 2.068220e+001
8.216941e+000 1.418663e+001 2.009476e+001
