[individuals]
1
[dimensions]
3
[landmarks]
71
[rawpoints]
'#1
6.497912e+000 3.994328e+001 1.138432e+001
2.774678e+001 3.943576e+001 9.062578e+000
1.675627e+001 3.346396e+001 5.137809e+000
1.703404e+001 2.265662e+001 1.044520e+001
1.545595e+001 1.221642e+001 1.556891e+001
1.900418e+001 1.277398e+001 1.552508e+001
1.226032e+001 4.041206e+001 4.221967e+000
2.020589e+001 4.026982e+001 3.135934e+000
1.701646e+001 4.358491e+001 1.038251e+001
1.723783e+001 4.371096e+001 1.334672e+001
1.737563e+001 4.286679e+001 1.619635e+001
1.751656e+001 4.029652e+001 1.768810e+001
1.295253e+001 4.274168e+001 1.317595e+001
1.147243e+001 4.205178e+001 1.267012e+001
1.016028e+001 4.103310e+001 1.226603e+001
9.520187e+000 3.946402e+001 1.204055e+001
2.133464e+001 4.274657e+001 1.250514e+001
2.271646e+001 4.228160e+001 1.201420e+001
2.397559e+001 4.151784e+001 1.156682e+001
2.458340e+001 4.011329e+001 1.141592e+001
8.094108e+000 3.669926e+001 1.429541e+001
5.993407e+000 3.535421e+001 1.073592e+001
8.148476e+000 3.212096e+001 8.715751e+000
1.116501e+001 2.927164e+001 7.368453e+000
2.612914e+001 3.732551e+001 1.250583e+001
2.867010e+001 3.425280e+001 1.007260e+001
2.564161e+001 3.237296e+001 7.051890e+000
2.212056e+001 2.937147e+001 6.406906e+000
7.781762e+000 3.361870e+001 1.592748e+001
5.902880e+000 3.127382e+001 1.274249e+001
7.063388e+000 2.960106e+001 8.865595e+000
2.676210e+001 3.298605e+001 1.431346e+001
2.807516e+001 3.103455e+001 1.067351e+001
2.635723e+001 3.020279e+001 6.782542e+000
9.119702e+000 2.903240e+001 1.647334e+001
7.650455e+000 2.816990e+001 1.309769e+001
8.282669e+000 2.787871e+001 9.380982e+000
2.573955e+001 2.866229e+001 1.488063e+001
2.606858e+001 2.783299e+001 1.130770e+001
2.534958e+001 2.817540e+001 7.712165e+000
1.313554e+001 2.051306e+001 1.680059e+001
1.098325e+001 2.293769e+001 1.367140e+001
1.093850e+001 2.571015e+001 1.011954e+001
2.219027e+001 2.095888e+001 1.514810e+001
2.320150e+001 2.364656e+001 1.216617e+001
2.302438e+001 2.620659e+001 8.917746e+000
1.052109e+001 1.776296e+001 1.629818e+001
1.487821e+001 1.772240e+001 1.871202e+001
1.983428e+001 1.791939e+001 1.825207e+001
2.398972e+001 1.801772e+001 1.550686e+001
1.159424e+001 3.714492e+001 6.140193e+000
1.440817e+001 3.703525e+001 3.969696e+000
1.794303e+001 3.694161e+001 3.600360e+000
2.118832e+001 3.702119e+001 5.050285e+000
2.442011e+001 2.399715e+001 1.540045e+001
2.172248e+001 3.938044e+001 1.679481e+001
2.257880e+001 3.261106e+001 1.942331e+001
2.204630e+001 2.773243e+001 1.955313e+001
2.134224e+001 2.337265e+001 1.914037e+001
2.017474e+001 1.962487e+001 1.797411e+001
1.770521e+001 3.610567e+001 1.904597e+001
1.781706e+001 3.206886e+001 2.111006e+001
1.786890e+001 2.759495e+001 2.077164e+001
1.774269e+001 2.338811e+001 2.001120e+001
1.753859e+001 1.914542e+001 1.869263e+001
1.426487e+001 3.914823e+001 1.765808e+001
1.304262e+001 3.285264e+001 2.021404e+001
1.347536e+001 2.802845e+001 2.038965e+001
1.418360e+001 2.349754e+001 1.982345e+001
1.534613e+001 1.946548e+001 1.825443e+001
1.061347e+001 2.413482e+001 1.768952e+001
