[individuals]
1
[dimensions]
3
[landmarks]
71
[rawpoints]
'#1
2.124605e+000 6.540274e+001 1.029121e+001
2.319720e+001 6.558942e+001 1.091193e+001
1.312406e+001 5.687191e+001 4.993645e+000
1.293415e+001 3.948978e+001 1.097368e+001
1.141438e+001 3.017195e+001 1.641500e+001
1.505147e+001 3.039874e+001 1.632545e+001
9.014587e+000 6.732590e+001 3.897068e+000
1.675053e+001 6.739724e+001 3.960239e+000
1.303356e+001 7.027140e+001 1.106970e+001
1.302944e+001 6.991742e+001 1.334846e+001
1.299509e+001 6.875877e+001 1.534198e+001
1.295796e+001 6.710808e+001 1.695180e+001
7.767595e+000 6.902803e+001 1.098823e+001
5.944296e+000 6.844792e+001 1.088819e+001
4.916074e+000 6.683157e+001 1.085007e+001
4.718803e+000 6.503851e+001 1.149586e+001
1.780119e+001 6.867337e+001 1.166548e+001
1.962701e+001 6.842229e+001 1.107904e+001
2.031853e+001 6.661619e+001 1.104821e+001
2.007677e+001 6.470363e+001 1.120376e+001
5.317423e+000 6.067870e+001 1.189110e+001
3.930895e+000 5.634776e+001 9.299338e+000
5.971062e+000 5.285047e+001 5.982362e+000
9.006678e+000 4.883010e+001 4.561562e+000
2.053749e+001 6.082761e+001 1.243895e+001
2.096970e+001 5.693885e+001 9.044570e+000
1.955690e+001 5.316070e+001 5.794817e+000
1.654216e+001 4.911866e+001 4.609509e+000
3.572147e+000 5.391481e+001 1.450195e+001
3.358198e+000 5.168954e+001 1.058203e+001
5.339255e+000 5.017471e+001 6.820985e+000
2.227290e+001 5.566095e+001 1.439066e+001
2.229003e+001 5.359587e+001 1.013741e+001
2.021481e+001 5.143690e+001 6.478489e+000
5.007801e+000 4.800512e+001 1.542264e+001
4.851397e+000 4.740008e+001 1.128239e+001
6.206789e+000 4.738802e+001 7.320698e+000
2.130877e+001 4.994667e+001 1.543710e+001
2.171912e+001 4.913040e+001 1.115430e+001
2.017321e+001 4.909228e+001 7.057238e+000
1.120016e+001 3.643562e+001 1.637354e+001
9.496901e+000 4.021549e+001 1.230524e+001
9.518723e+000 4.436125e+001 8.236563e+000
1.496452e+001 3.680207e+001 1.621974e+001
1.659141e+001 4.068703e+001 1.234071e+001
1.649600e+001 4.473285e+001 8.290194e+000
1.015219e+001 3.321438e+001 1.524902e+001
1.170704e+001 3.355917e+001 1.742995e+001
1.439629e+001 3.337456e+001 1.759534e+001
1.622974e+001 3.375658e+001 1.564980e+001
7.650669e+000 6.246257e+001 5.856850e+000
1.080775e+001 6.202015e+001 3.914041e+000
1.454083e+001 6.203011e+001 3.871686e+000
1.763672e+001 6.259959e+001 5.878788e+000
1.891775e+001 4.345286e+001 1.637750e+001
1.633657e+001 6.169430e+001 1.645011e+001
1.797650e+001 5.352383e+001 1.992485e+001
1.719347e+001 4.744250e+001 1.973957e+001
1.587978e+001 4.192740e+001 1.891619e+001
1.407945e+001 3.667480e+001 1.776690e+001
1.239199e+001 5.689626e+001 1.956785e+001
1.244592e+001 5.159974e+001 2.079521e+001
1.272351e+001 4.646453e+001 2.035138e+001
1.285457e+001 4.156077e+001 1.910944e+001
1.306064e+001 3.657386e+001 1.814119e+001
8.760566e+000 6.175351e+001 1.603659e+001
7.397326e+000 5.263000e+001 1.950965e+001
8.538877e+000 4.646651e+001 1.952494e+001
1.011537e+001 4.118508e+001 1.871807e+001
1.204845e+001 3.648266e+001 1.786289e+001
7.481588e+000 4.196673e+001 1.599776e+001
