[individuals]
1
[dimensions]
3
[landmarks]
71
[rawpoints]
'#1
3.181445e+000 7.445471e+001 7.168930e+000
2.301533e+001 7.560543e+001 1.108248e+001
1.421438e+001 6.869099e+001 6.084452e+000
1.344043e+001 5.420829e+001 1.111718e+001
1.018425e+001 4.449748e+001 1.929549e+001
1.432438e+001 4.436141e+001 1.901263e+001
1.041234e+001 7.713501e+001 2.709988e+000
1.748626e+001 7.681936e+001 5.055698e+000
1.310806e+001 8.085555e+001 1.017320e+001
1.239667e+001 8.109187e+001 1.282733e+001
1.169503e+001 8.056751e+001 1.544246e+001
1.162472e+001 7.828047e+001 1.698213e+001
8.353682e+000 7.951103e+001 1.068441e+001
6.432853e+000 7.864485e+001 9.820813e+000
5.026836e+000 7.696200e+001 9.207128e+000
4.850246e+000 7.471580e+001 8.877420e+000
1.728378e+001 7.967151e+001 1.280288e+001
1.934203e+001 7.866150e+001 1.286572e+001
2.080996e+001 7.690407e+001 1.299549e+001
2.138289e+001 7.484689e+001 1.215874e+001
4.017735e+000 7.242014e+001 1.018089e+001
3.386778e+000 6.724341e+001 8.276680e+000
6.714350e+000 6.390774e+001 5.339944e+000
1.136224e+001 6.087519e+001 5.498970e+000
2.115771e+001 7.322101e+001 1.362011e+001
2.260990e+001 6.891615e+001 1.104166e+001
2.093702e+001 6.517383e+001 7.803431e+000
1.752094e+001 6.140781e+001 6.603743e+000
3.152878e+000 6.781567e+001 1.247916e+001
3.706144e+000 6.414526e+001 9.331808e+000
6.642966e+000 6.180963e+001 6.232543e+000
2.164469e+001 6.912703e+001 1.614351e+001
2.281600e+001 6.596424e+001 1.268160e+001
2.119579e+001 6.373498e+001 8.710969e+000
4.373001e+000 6.320776e+001 1.414304e+001
4.590113e+000 6.172589e+001 1.007148e+001
7.271529e+000 6.049236e+001 6.891790e+000
2.054474e+001 6.480641e+001 1.703145e+001
2.202073e+001 6.330849e+001 1.321495e+001
2.095607e+001 6.243375e+001 9.080678e+000
8.557977e+000 5.409131e+001 1.639936e+001
8.092986e+000 5.603241e+001 1.232338e+001
9.844958e+000 5.790853e+001 8.580474e+000
1.605634e+001 5.486130e+001 1.749186e+001
1.810086e+001 5.708286e+001 1.424526e+001
1.819747e+001 5.892363e+001 1.021313e+001
8.029998e+000 4.875476e+001 1.658061e+001
9.715038e+000 4.950259e+001 1.963076e+001
1.313918e+001 4.910656e+001 2.053684e+001
1.638670e+001 4.933084e+001 1.908597e+001
7.658575e+000 7.304249e+001 5.841105e+000
1.190654e+001 7.189632e+001 4.545191e+000
1.638320e+001 7.208852e+001 5.525383e+000
1.965089e+001 7.389941e+001 8.186096e+000
1.849517e+001 6.010509e+001 1.720088e+001
1.501196e+001 7.627406e+001 1.666093e+001
1.595271e+001 6.816142e+001 2.028539e+001
1.566186e+001 6.273661e+001 1.990052e+001
1.492595e+001 5.827058e+001 1.942077e+001
1.389214e+001 5.438659e+001 1.852295e+001
1.130610e+001 6.960025e+001 1.887804e+001
1.128306e+001 6.565488e+001 1.956678e+001
1.130368e+001 6.178262e+001 1.978874e+001
1.145578e+001 5.791642e+001 1.942920e+001
1.177570e+001 5.409729e+001 1.831132e+001
8.437774e+000 7.529635e+001 1.554714e+001
6.134955e+000 6.712287e+001 1.821168e+001
7.419031e+000 6.193845e+001 1.811173e+001
8.525006e+000 5.760246e+001 1.818775e+001
9.990481e+000 5.400026e+001 1.778120e+001
6.439511e+000 5.862396e+001 1.535680e+001
