[individuals]
1
[dimensions]
3
[landmarks]
71
[rawpoints]
'#1
1.423835e+001 7.442550e+001 1.142297e+001
3.777274e+001 7.464731e+001 1.022643e+001
2.562975e+001 6.668098e+001 7.788719e+000
2.620269e+001 4.871417e+001 1.781676e+001
2.407878e+001 4.062791e+001 2.628558e+001
2.811843e+001 4.068435e+001 2.674389e+001
2.083388e+001 7.547764e+001 4.428356e+000
3.048506e+001 7.547696e+001 3.960083e+000
2.534564e+001 8.212144e+001 9.463861e+000
2.557080e+001 8.373604e+001 1.267010e+001
2.585694e+001 8.293916e+001 1.616614e+001
2.596705e+001 8.024991e+001 1.855232e+001
1.967865e+001 8.278094e+001 1.206527e+001
1.746849e+001 8.081124e+001 1.165508e+001
1.646579e+001 7.799597e+001 1.161408e+001
1.651703e+001 7.507004e+001 1.222218e+001
3.125712e+001 8.279348e+001 1.258707e+001
3.374425e+001 8.092213e+001 1.234683e+001
3.486270e+001 7.801879e+001 1.208991e+001
3.578252e+001 7.504713e+001 1.182767e+001
1.665839e+001 7.429862e+001 1.495454e+001
1.368402e+001 6.824467e+001 1.223117e+001
1.784916e+001 6.321542e+001 9.025441e+000
2.252375e+001 5.764209e+001 9.017143e+000
3.563493e+001 7.338029e+001 1.411550e+001
3.871898e+001 6.670586e+001 1.318870e+001
3.491485e+001 6.224758e+001 8.652596e+000
2.910174e+001 5.765984e+001 8.940437e+000
1.474895e+001 6.830472e+001 1.876042e+001
1.338052e+001 6.382897e+001 1.430182e+001
1.686809e+001 6.064927e+001 9.884849e+000
3.749481e+001 6.713728e+001 1.871172e+001
3.832575e+001 6.274791e+001 1.414595e+001
3.511441e+001 5.973809e+001 9.516212e+000
1.612747e+001 6.164236e+001 2.115563e+001
1.515291e+001 5.821471e+001 1.663807e+001
1.741874e+001 5.681210e+001 1.153843e+001
3.590990e+001 6.060636e+001 2.125584e+001
3.704049e+001 5.833757e+001 1.598398e+001
3.464425e+001 5.723881e+001 1.076223e+001
2.323273e+001 4.898946e+001 2.360568e+001
2.099978e+001 5.103546e+001 1.844717e+001
2.286057e+001 5.350954e+001 1.332875e+001
2.908989e+001 4.891605e+001 2.315095e+001
3.162986e+001 5.131621e+001 1.842254e+001
3.040795e+001 5.394703e+001 1.330838e+001
2.243606e+001 4.540138e+001 2.470795e+001
2.462273e+001 4.623972e+001 2.725422e+001
2.807798e+001 4.638812e+001 2.732847e+001
2.981828e+001 4.518410e+001 2.459121e+001
1.960963e+001 7.132849e+001 7.705124e+000
2.380770e+001 6.990807e+001 6.039208e+000
2.853807e+001 7.008077e+001 5.924610e+000
3.270312e+001 7.186176e+001 7.302086e+000
3.364880e+001 5.424985e+001 2.317076e+001
3.012327e+001 7.761861e+001 1.590002e+001
3.205809e+001 6.752597e+001 2.380914e+001
3.151413e+001 6.062776e+001 2.575747e+001
2.996806e+001 5.445114e+001 2.578269e+001
2.778597e+001 4.928793e+001 2.510707e+001
2.615493e+001 7.117698e+001 2.192655e+001
2.629716e+001 6.607992e+001 2.499048e+001
2.636791e+001 6.065265e+001 2.636963e+001
2.652049e+001 5.489843e+001 2.549107e+001
2.623816e+001 4.928274e+001 2.541259e+001
2.217622e+001 7.765956e+001 1.626628e+001
2.020384e+001 6.810258e+001 2.382435e+001
2.101618e+001 6.113177e+001 2.574088e+001
2.250544e+001 5.476601e+001 2.603729e+001
2.454742e+001 4.923215e+001 2.527289e+001
1.863002e+001 5.462945e+001 2.367749e+001
