[individuals]
1
[dimensions]
3
[landmarks]
71
[rawpoints]
'#1
6.281949e+000 4.282843e+001 7.013959e+000
2.085698e+001 4.178206e+001 7.398047e+000
1.334502e+001 3.785075e+001 5.608881e+000
1.243413e+001 2.867046e+001 1.017277e+001
1.015457e+001 2.361550e+001 1.415375e+001
1.369235e+001 2.329644e+001 1.444341e+001
1.097166e+001 4.242846e+001 3.858734e+000
1.639428e+001 4.202665e+001 3.884490e+000
1.400731e+001 4.538814e+001 8.994081e+000
1.396171e+001 4.528493e+001 1.035570e+001
1.389505e+001 4.493045e+001 1.167354e+001
1.381820e+001 4.401972e+001 1.268910e+001
1.037695e+001 4.514041e+001 9.274025e+000
9.173219e+000 4.497460e+001 8.981749e+000
8.351126e+000 4.415462e+001 8.500688e+000
8.435233e+000 4.301241e+001 8.988491e+000
1.739933e+001 4.465559e+001 9.650430e+000
1.875630e+001 4.419404e+001 9.562364e+000
1.947177e+001 4.295138e+001 9.484418e+000
1.907310e+001 4.162975e+001 9.088569e+000
6.809237e+000 4.160301e+001 9.918517e+000
6.507095e+000 3.868226e+001 8.343667e+000
8.433774e+000 3.609304e+001 7.515175e+000
9.507331e+000 3.320692e+001 6.242217e+000
2.053465e+001 4.006910e+001 9.749268e+000
2.159635e+001 3.652395e+001 8.552542e+000
1.797291e+001 3.532654e+001 7.639975e+000
1.558428e+001 3.260189e+001 6.185916e+000
6.133096e+000 3.922190e+001 1.191643e+001
4.771378e+000 3.736470e+001 9.233124e+000
7.037169e+000 3.553905e+001 7.223796e+000
2.068566e+001 3.741571e+001 1.178111e+001
2.129952e+001 3.477342e+001 9.312144e+000
1.911604e+001 3.346569e+001 6.670663e+000
6.359023e+000 3.583161e+001 1.325427e+001
5.622046e+000 3.422583e+001 1.055926e+001
6.622046e+000 3.318683e+001 7.677263e+000
1.988162e+001 3.452283e+001 1.280524e+001
1.999154e+001 3.280302e+001 1.009415e+001
1.849904e+001 3.196345e+001 7.376065e+000
9.628356e+000 2.830057e+001 1.405335e+001
8.657883e+000 2.986890e+001 1.148268e+001
9.130954e+000 3.118069e+001 8.642739e+000
1.521843e+001 2.785501e+001 1.369888e+001
1.631966e+001 2.929856e+001 1.122219e+001
1.594195e+001 3.055211e+001 8.444448e+000
8.402291e+000 2.618586e+001 1.426224e+001
1.082279e+001 2.612950e+001 1.529962e+001
1.344856e+001 2.592476e+001 1.533900e+001
1.591110e+001 2.567938e+001 1.443680e+001
1.057407e+001 4.091095e+001 5.412271e+000
1.253657e+001 4.020805e+001 4.286089e+000
1.489227e+001 3.997092e+001 4.378994e+000
1.677255e+001 4.034195e+001 5.772111e+000
1.840921e+001 3.120805e+001 1.340124e+001
1.634515e+001 4.154822e+001 1.239840e+001
1.706730e+001 3.686582e+001 1.519286e+001
1.653112e+001 3.354239e+001 1.544235e+001
1.577412e+001 3.052989e+001 1.572707e+001
1.416193e+001 2.779418e+001 1.479968e+001
1.323431e+001 3.900074e+001 1.448249e+001
1.301198e+001 3.627372e+001 1.551311e+001
1.288018e+001 3.346706e+001 1.573482e+001
1.277678e+001 3.066682e+001 1.565981e+001
1.273893e+001 2.785026e+001 1.497075e+001
1.115734e+001 4.200999e+001 1.244777e+001
9.300120e+000 3.771762e+001 1.507735e+001
9.354070e+000 3.424617e+001 1.551817e+001
9.787656e+000 3.100925e+001 1.581940e+001
1.124944e+001 2.801589e+001 1.481159e+001
7.333785e+000 3.193244e+001 1.410935e+001
