[individuals]
1
[dimensions]
3
[landmarks]
71
[rawpoints]
'#1
5.379494e+000 2.768159e+001 1.406910e+001
1.970547e+001 2.820650e+001 6.774418e+000
1.116226e+001 2.381586e+001 7.754108e+000
1.341022e+001 1.252640e+001 1.166906e+001
1.258507e+001 6.213190e+000 1.604288e+001
1.680826e+001 6.014130e+000 1.362935e+001
7.812152e+000 2.872489e+001 7.900139e+000
1.324798e+001 2.822897e+001 5.152592e+000
1.276831e+001 3.164358e+001 1.200780e+001
1.355064e+001 3.139651e+001 1.352977e+001
1.433130e+001 3.052411e+001 1.480226e+001
1.496433e+001 2.909683e+001 1.554491e+001
9.630939e+000 3.098930e+001 1.352690e+001
8.380603e+000 3.071183e+001 1.356968e+001
7.514522e+000 2.976844e+001 1.361600e+001
7.737753e+000 2.850819e+001 1.355135e+001
1.652440e+001 3.128060e+001 9.715519e+000
1.731040e+001 3.090483e+001 8.691230e+000
1.810228e+001 2.988291e+001 8.321652e+000
1.823719e+001 2.860801e+001 8.727367e+000
6.204771e+000 2.636715e+001 1.533125e+001
4.207604e+000 2.282405e+001 1.481723e+001
7.089102e+000 2.115823e+001 1.237903e+001
8.143961e+000 1.804280e+001 9.911922e+000
2.039422e+001 2.626892e+001 7.143860e+000
1.777327e+001 2.419192e+001 7.396739e+000
1.667475e+001 2.102674e+001 7.253259e+000
1.520669e+001 1.815472e+001 6.334858e+000
6.793507e+000 2.260106e+001 1.745758e+001
4.763884e+000 2.042936e+001 1.526611e+001
5.171501e+000 1.894166e+001 1.191052e+001
2.179321e+001 2.231597e+001 9.541365e+000
2.111006e+001 2.041699e+001 6.800624e+000
1.824944e+001 1.930264e+001 5.330722e+000
8.213917e+000 1.887821e+001 1.816411e+001
6.841285e+000 1.730057e+001 1.566984e+001
6.480278e+000 1.689023e+001 1.246101e+001
2.125484e+001 1.852820e+001 1.139673e+001
2.040636e+001 1.767819e+001 8.575139e+000
1.818759e+001 1.744806e+001 6.470664e+000
1.257997e+001 1.186093e+001 1.697735e+001
1.011406e+001 1.359140e+001 1.504249e+001
9.085611e+000 1.538674e+001 1.212047e+001
1.763009e+001 1.171991e+001 1.468020e+001
1.758277e+001 1.322719e+001 1.129849e+001
1.625197e+001 1.550373e+001 8.699290e+000
1.130145e+001 9.151405e+000 1.718520e+001
1.422223e+001 9.398293e+000 1.770926e+001
1.688318e+001 9.556993e+000 1.638242e+001
1.887239e+001 9.316669e+000 1.417959e+001
7.934029e+000 2.647396e+001 1.011970e+001
9.217364e+000 2.626795e+001 7.301456e+000
1.202075e+001 2.628500e+001 5.970081e+000
1.506476e+001 2.668873e+001 6.420139e+000
1.983300e+001 1.478237e+001 1.316576e+001
1.722623e+001 2.785999e+001 1.364468e+001
1.985514e+001 2.177436e+001 1.527844e+001
1.941404e+001 1.772698e+001 1.571392e+001
1.853987e+001 1.432273e+001 1.592102e+001
1.680386e+001 1.138447e+001 1.563127e+001
1.584486e+001 2.404107e+001 1.694986e+001
1.612234e+001 2.083184e+001 1.782967e+001
1.607162e+001 1.764524e+001 1.771329e+001
1.586505e+001 1.452522e+001 1.718837e+001
1.549987e+001 1.141909e+001 1.616664e+001
1.203368e+001 2.790652e+001 1.618493e+001
1.182891e+001 2.188671e+001 1.917290e+001
1.247853e+001 1.784247e+001 1.918770e+001
1.323797e+001 1.437628e+001 1.860481e+001
1.416199e+001 1.146328e+001 1.694515e+001
1.010134e+001 1.525587e+001 1.807425e+001
