[individuals]
1
[dimensions]
3
[landmarks]
71
[rawpoints]
'#1
8.930006e+000 8.334171e+001 1.461757e+001
3.327845e+001 8.312890e+001 1.407507e+001
2.066662e+001 7.358814e+001 1.006029e+001
2.044712e+001 6.014960e+001 2.149290e+001
1.839785e+001 5.167654e+001 3.174781e+001
2.312850e+001 5.091675e+001 3.154839e+001
1.546510e+001 8.230507e+001 6.899301e+000
2.582478e+001 8.156826e+001 6.408309e+000
2.115498e+001 8.885022e+001 1.156469e+001
2.131162e+001 9.033858e+001 1.520322e+001
2.141259e+001 9.029573e+001 1.913617e+001
2.137622e+001 8.808897e+001 2.239315e+001
1.594791e+001 8.863909e+001 1.549572e+001
1.350643e+001 8.790925e+001 1.424859e+001
1.144277e+001 8.603469e+001 1.372342e+001
1.091008e+001 8.406909e+001 1.569872e+001
2.762694e+001 8.846221e+001 1.466628e+001
2.962454e+001 8.757191e+001 1.419847e+001
3.074388e+001 8.563659e+001 1.413437e+001
3.090674e+001 8.349767e+001 1.476726e+001
9.651578e+000 8.211882e+001 1.689594e+001
7.759514e+000 7.511443e+001 1.865184e+001
1.130016e+001 7.034366e+001 1.413246e+001
1.787753e+001 6.750343e+001 1.203571e+001
3.175942e+001 8.222729e+001 1.792164e+001
3.442739e+001 7.565209e+001 1.534714e+001
2.992105e+001 7.027488e+001 1.256096e+001
2.293638e+001 6.743299e+001 1.221258e+001
9.362148e+000 7.652123e+001 2.236533e+001
8.597224e+000 7.141729e+001 1.873347e+001
1.212500e+001 6.836514e+001 1.448304e+001
3.206637e+001 7.753143e+001 2.346713e+001
3.406295e+001 7.261530e+001 1.845100e+001
2.993331e+001 6.879201e+001 1.379881e+001
1.110283e+001 7.051437e+001 2.611412e+001
1.104878e+001 6.773293e+001 2.082935e+001
1.433152e+001 6.546301e+001 1.638644e+001
3.048096e+001 7.116515e+001 2.712609e+001
3.177407e+001 6.878245e+001 2.090857e+001
2.913035e+001 6.695354e+001 1.493582e+001
1.610995e+001 5.912013e+001 3.167743e+001
1.567751e+001 6.186904e+001 2.502698e+001
1.734632e+001 6.414757e+001 1.839399e+001
2.567008e+001 5.890714e+001 3.166156e+001
2.633686e+001 6.169698e+001 2.500247e+001
2.530194e+001 6.435516e+001 1.833654e+001
1.383585e+001 5.637753e+001 3.151108e+001
1.866407e+001 5.615393e+001 3.333194e+001
2.382106e+001 5.601017e+001 3.308407e+001
2.834179e+001 5.637080e+001 3.061235e+001
1.493306e+001 7.900671e+001 1.008274e+001
1.874385e+001 7.816256e+001 7.200360e+000
2.359056e+001 7.836733e+001 7.098213e+000
2.750768e+001 7.894606e+001 9.902625e+000
2.878853e+001 6.428265e+001 3.028232e+001
2.495692e+001 8.536459e+001 2.064596e+001
2.670036e+001 7.873109e+001 2.881587e+001
2.584039e+001 7.154469e+001 3.113964e+001
2.499047e+001 6.479167e+001 3.245726e+001
2.360740e+001 5.839903e+001 3.245313e+001
2.142741e+001 8.365227e+001 2.642324e+001
2.103878e+001 7.785826e+001 3.011096e+001
2.098340e+001 7.141461e+001 3.195237e+001
2.088799e+001 6.505495e+001 3.305222e+001
2.114690e+001 5.831764e+001 3.207563e+001
1.743022e+001 8.577777e+001 2.074439e+001
1.509040e+001 7.821574e+001 2.798867e+001
1.554010e+001 7.135760e+001 3.096734e+001
1.691453e+001 6.471555e+001 3.207097e+001
1.849046e+001 5.859881e+001 3.254364e+001
1.296712e+001 6.440697e+001 2.939701e+001
