[individuals]
1
[dimensions]
3
[landmarks]
71
[rawpoints]
'#1
9.847534e+000 8.336603e+001 1.037079e+001
3.445205e+001 8.412704e+001 1.088052e+001
2.220226e+001 7.356882e+001 7.770359e+000
2.241306e+001 6.109193e+001 1.735896e+001
2.020218e+001 5.068182e+001 2.600426e+001
2.494770e+001 5.066848e+001 2.589942e+001
1.730464e+001 8.129865e+001 4.761990e+000
2.668491e+001 8.157991e+001 4.733753e+000
2.206120e+001 8.911082e+001 9.527671e+000
2.216894e+001 9.055021e+001 1.331092e+001
2.226641e+001 9.049973e+001 1.735864e+001
2.239050e+001 8.872659e+001 2.099687e+001
1.665543e+001 8.917003e+001 1.445740e+001
1.402790e+001 8.821402e+001 1.398597e+001
1.224919e+001 8.602587e+001 1.369230e+001
1.242679e+001 8.319839e+001 1.356435e+001
2.820467e+001 8.917695e+001 1.417552e+001
3.049193e+001 8.827678e+001 1.331752e+001
3.204827e+001 8.628453e+001 1.269766e+001
3.206291e+001 8.368055e+001 1.266289e+001
1.000851e+001 8.274667e+001 1.441676e+001
9.481742e+000 7.612440e+001 1.163557e+001
1.349399e+001 7.099258e+001 8.563805e+000
1.977542e+001 6.754391e+001 9.285507e+000
3.486256e+001 8.257963e+001 1.362085e+001
3.550182e+001 7.542093e+001 1.104353e+001
2.885509e+001 7.328068e+001 7.953634e+000
2.464321e+001 6.710748e+001 9.558933e+000
8.977892e+000 7.609276e+001 1.817558e+001
9.217338e+000 7.105396e+001 1.411528e+001
1.339358e+001 6.845029e+001 9.906427e+000
3.528062e+001 7.679976e+001 1.863038e+001
3.564456e+001 7.149160e+001 1.418624e+001
3.152424e+001 6.747264e+001 1.032166e+001
1.144338e+001 7.054513e+001 2.213343e+001
1.121222e+001 6.844480e+001 1.621389e+001
1.369426e+001 6.678478e+001 1.068285e+001
3.350201e+001 7.053603e+001 2.229568e+001
3.374711e+001 6.841324e+001 1.627661e+001
3.081737e+001 6.632761e+001 1.099808e+001
1.736567e+001 5.815455e+001 2.786887e+001
1.703399e+001 6.117400e+001 2.152433e+001
1.849735e+001 6.430601e+001 1.539815e+001
2.840401e+001 5.825050e+001 2.756242e+001
2.820311e+001 6.125087e+001 2.140867e+001
2.665712e+001 6.413931e+001 1.539399e+001
1.493403e+001 5.541647e+001 2.688019e+001
1.979469e+001 5.422108e+001 2.916857e+001
2.529770e+001 5.419207e+001 2.908647e+001
3.030193e+001 5.587320e+001 2.752914e+001
1.535093e+001 7.933442e+001 8.230721e+000
1.959978e+001 7.798153e+001 5.747226e+000
2.468463e+001 7.836855e+001 5.530911e+000
2.908377e+001 7.971696e+001 7.740261e+000
3.150760e+001 6.415508e+001 2.528754e+001
2.605249e+001 8.604141e+001 1.914311e+001
2.907678e+001 7.843432e+001 2.665604e+001
2.868416e+001 7.112021e+001 2.895780e+001
2.744305e+001 6.410972e+001 2.930807e+001
2.568766e+001 5.744918e+001 2.868790e+001
2.251544e+001 8.390306e+001 2.541119e+001
2.269170e+001 7.781293e+001 2.882661e+001
2.274892e+001 7.105394e+001 3.001596e+001
2.270095e+001 6.429694e+001 3.045308e+001
2.266335e+001 5.740353e+001 2.831694e+001
1.842296e+001 8.593372e+001 1.914812e+001
1.597477e+001 7.830831e+001 2.665746e+001
1.662271e+001 7.103442e+001 2.887482e+001
1.798701e+001 6.417829e+001 2.929595e+001
1.967288e+001 5.741515e+001 2.868308e+001
1.364360e+001 6.448404e+001 2.540533e+001
