[individuals]
1
[dimensions]
3
[landmarks]
71
[rawpoints]
'#1
1.414850e+001 5.725343e+001 2.517847e+001
3.405611e+001 5.751233e+001 2.525167e+001
2.363348e+001 4.857703e+001 2.281570e+001
2.420213e+001 3.560184e+001 3.077871e+001
2.250165e+001 3.028347e+001 3.793707e+001
2.612708e+001 3.033369e+001 3.751263e+001
2.038739e+001 5.708065e+001 1.982743e+001
2.768009e+001 5.725850e+001 1.977926e+001
2.381712e+001 6.264782e+001 2.546301e+001
2.386489e+001 6.236812e+001 2.864469e+001
2.393096e+001 6.052940e+001 3.125586e+001
2.400681e+001 5.782658e+001 3.295658e+001
1.870070e+001 6.098923e+001 2.713857e+001
1.722316e+001 6.039679e+001 2.661452e+001
1.592087e+001 5.941926e+001 2.621794e+001
1.590200e+001 5.788248e+001 2.688617e+001
2.957850e+001 6.105709e+001 2.729139e+001
3.098801e+001 6.048406e+001 2.704864e+001
3.210424e+001 5.943651e+001 2.687294e+001
3.210560e+001 5.791342e+001 2.664014e+001
1.755675e+001 5.409940e+001 3.053978e+001
1.444610e+001 5.051188e+001 2.786867e+001
1.725267e+001 4.692897e+001 2.487362e+001
2.018727e+001 4.254529e+001 2.351166e+001
3.081299e+001 5.420248e+001 3.023223e+001
3.236457e+001 5.079023e+001 2.704211e+001
3.055030e+001 4.703662e+001 2.442539e+001
2.865994e+001 4.252891e+001 2.384551e+001
1.508077e+001 4.940623e+001 3.389218e+001
1.333680e+001 4.694574e+001 2.967394e+001
1.624861e+001 4.495250e+001 2.587415e+001
3.250368e+001 5.104626e+001 3.420936e+001
3.471921e+001 4.779552e+001 3.049618e+001
3.237547e+001 4.578017e+001 2.605632e+001
1.594189e+001 4.390399e+001 3.527689e+001
1.504595e+001 4.243481e+001 3.095201e+001
1.671862e+001 4.234201e+001 2.660901e+001
3.191214e+001 4.506211e+001 3.602763e+001
3.337469e+001 4.340878e+001 3.177149e+001
3.201610e+001 4.247551e+001 2.726908e+001
2.106573e+001 3.442052e+001 3.686351e+001
1.979934e+001 3.669017e+001 3.226065e+001
1.978939e+001 3.929645e+001 2.766209e+001
2.702140e+001 3.428325e+001 3.700961e+001
2.846570e+001 3.673479e+001 3.258506e+001
2.835041e+001 3.933126e+001 2.801134e+001
2.073148e+001 3.249038e+001 3.687906e+001
2.294871e+001 3.252410e+001 3.847020e+001
2.567695e+001 3.244915e+001 3.847020e+001
2.751800e+001 3.260780e+001 3.646172e+001
1.852819e+001 5.323755e+001 2.286304e+001
2.198394e+001 5.189407e+001 2.111963e+001
2.607513e+001 5.167874e+001 2.108001e+001
2.939157e+001 5.329317e+001 2.286361e+001
2.969691e+001 3.871165e+001 3.660968e+001
2.786862e+001 5.532102e+001 3.190213e+001
2.891825e+001 4.921866e+001 3.769335e+001
2.836315e+001 4.377406e+001 3.879779e+001
2.721637e+001 3.876775e+001 3.892078e+001
2.581331e+001 3.428653e+001 3.805760e+001
2.414875e+001 5.179541e+001 3.636321e+001
2.420778e+001 4.758646e+001 3.856938e+001
2.429373e+001 4.316129e+001 3.912564e+001
2.420477e+001 3.882206e+001 3.882824e+001
2.418324e+001 3.435545e+001 3.816379e+001
2.066458e+001 5.549979e+001 3.207996e+001
1.927814e+001 4.851199e+001 3.771194e+001
1.987192e+001 4.314370e+001 3.893501e+001
2.110904e+001 3.844960e+001 3.894444e+001
2.265063e+001 3.422752e+001 3.822696e+001
1.844497e+001 3.854470e+001 3.594079e+001
