[individuals]
1
[dimensions]
3
[landmarks]
71
[rawpoints]
'#1
4.713690e+001 9.850494e+001 3.157451e+001
7.879404e+001 1.004648e+002 3.119632e+001
6.257423e+001 8.722606e+001 2.350669e+001
6.460831e+001 6.398013e+001 3.472439e+001
6.237923e+001 5.338323e+001 4.345785e+001
6.868366e+001 5.373723e+001 4.300563e+001
5.670467e+001 9.832494e+001 2.196465e+001
6.763815e+001 9.869488e+001 2.058074e+001
6.289264e+001 1.061615e+002 2.868652e+001
6.310801e+001 1.079066e+002 3.319030e+001
6.313162e+001 1.078496e+002 3.802494e+001
6.325877e+001 1.055072e+002 4.225245e+001
5.545636e+001 1.071254e+002 3.564832e+001
5.287049e+001 1.057977e+002 3.384358e+001
5.103047e+001 1.032945e+002 3.241029e+001
5.091045e+001 9.990712e+001 3.287764e+001
6.978279e+001 1.079700e+002 3.499588e+001
7.258772e+001 1.067036e+002 3.283295e+001
7.503751e+001 1.043105e+002 3.127766e+001
7.522478e+001 1.005581e+002 3.146188e+001
4.832036e+001 9.577365e+001 3.781202e+001
4.853837e+001 8.946295e+001 3.203100e+001
5.167492e+001 8.418873e+001 2.606135e+001
5.797657e+001 7.869069e+001 2.423050e+001
7.829333e+001 9.562603e+001 3.489401e+001
7.660973e+001 9.074097e+001 2.910505e+001
7.258862e+001 8.580625e+001 2.466803e+001
6.865893e+001 7.918730e+001 2.368771e+001
4.677480e+001 8.547344e+001 4.065363e+001
4.757986e+001 8.290984e+001 3.309258e+001
5.042868e+001 8.086216e+001 2.587583e+001
8.100921e+001 8.971093e+001 3.808624e+001
7.880402e+001 8.733463e+001 3.066060e+001
7.451080e+001 8.475862e+001 2.429033e+001
5.113544e+001 7.652837e+001 4.304536e+001
4.874226e+001 7.622361e+001 3.488186e+001
4.992812e+001 7.709429e+001 2.649697e+001
7.953488e+001 8.119968e+001 4.064913e+001
7.988175e+001 7.883260e+001 3.266944e+001
7.690089e+001 7.909128e+001 2.489479e+001
5.958897e+001 5.898053e+001 4.548936e+001
5.950189e+001 6.565923e+001 3.835329e+001
5.996607e+001 7.301910e+001 3.193837e+001
7.168482e+001 5.967853e+001 4.493277e+001
6.996833e+001 6.599202e+001 3.774482e+001
6.940943e+001 7.336026e+001 3.143074e+001
5.883225e+001 5.753997e+001 4.365063e+001
6.294413e+001 5.726612e+001 4.636285e+001
6.781583e+001 5.804356e+001 4.632907e+001
7.220525e+001 5.900288e+001 4.429164e+001
5.504876e+001 9.411189e+001 2.707859e+001
5.957977e+001 9.316434e+001 2.251680e+001
6.607013e+001 9.339481e+001 2.226849e+001
7.103385e+001 9.506554e+001 2.611687e+001
7.473254e+001 7.182312e+001 4.192932e+001
6.846252e+001 1.012560e+002 3.995877e+001
7.313475e+001 9.025410e+001 4.922717e+001
7.269916e+001 7.913467e+001 5.031584e+001
7.082447e+001 6.928661e+001 4.912826e+001
6.959837e+001 5.928938e+001 4.686985e+001
6.328941e+001 9.633651e+001 4.618288e+001
6.440844e+001 8.754614e+001 5.225159e+001
6.486103e+001 7.778593e+001 5.248417e+001
6.536217e+001 6.851753e+001 5.067063e+001
6.566615e+001 5.907933e+001 4.624319e+001
5.890307e+001 1.008827e+002 4.060291e+001
5.540199e+001 8.744911e+001 5.034230e+001
5.761969e+001 7.684822e+001 5.101056e+001
6.018568e+001 6.749590e+001 4.998663e+001
6.183500e+001 5.855657e+001 4.697108e+001
5.739690e+001 6.837971e+001 4.407072e+001
