[individuals]
1
[dimensions]
3
[landmarks]
71
[rawpoints]
'#1
5.119302e+001 1.237481e+002 5.942091e+001
8.461526e+001 1.181828e+002 6.419073e+001
6.819872e+001 1.105749e+002 4.993282e+001
6.405563e+001 8.533394e+001 5.648284e+001
5.867316e+001 7.185614e+001 6.201400e+001
6.416760e+001 7.073774e+001 6.283635e+001
7.567978e+001 1.226272e+002 5.165728e+001
6.393090e+001 1.244258e+002 4.988184e+001
6.901059e+001 1.296301e+002 6.025778e+001
6.819360e+001 1.302979e+002 6.534171e+001
6.737346e+001 1.284569e+002 7.012698e+001
6.693266e+001 1.250128e+002 7.398752e+001
6.028496e+001 1.298972e+002 6.344944e+001
5.750929e+001 1.280356e+002 6.216880e+001
5.494633e+001 1.257740e+002 6.110834e+001
5.424436e+001 1.223665e+002 6.026846e+001
7.613640e+001 1.280272e+002 6.571266e+001
7.910767e+001 1.260892e+002 6.522491e+001
8.104131e+001 1.230914e+002 6.491484e+001
8.101090e+001 1.195337e+002 6.450905e+001
5.269551e+001 1.189568e+002 6.281361e+001
5.064869e+001 1.109843e+002 5.635921e+001
5.516059e+001 1.070488e+002 4.778203e+001
6.248903e+001 9.959917e+001 4.731562e+001
8.064661e+001 1.151861e+002 6.784888e+001
8.286662e+001 1.085547e+002 6.071983e+001
7.706349e+001 1.071420e+002 5.271601e+001
7.239065e+001 9.895437e+001 4.942031e+001
5.002020e+001 1.083734e+002 6.727277e+001
4.948600e+001 1.052472e+002 5.774129e+001
5.324663e+001 1.033075e+002 4.863079e+001
8.120084e+001 1.050852e+002 6.898117e+001
8.181246e+001 9.984311e+001 6.177284e+001
8.052202e+001 9.831888e+001 5.306520e+001
5.181523e+001 9.801167e+001 6.874528e+001
5.080038e+001 9.801551e+001 5.960171e+001
5.429645e+001 9.779952e+001 5.109425e+001
7.759544e+001 9.621751e+001 6.956548e+001
7.890991e+001 9.510649e+001 6.183296e+001
7.685352e+001 9.449097e+001 5.420771e+001
5.593586e+001 7.805995e+001 6.436498e+001
5.870220e+001 8.493825e+001 5.837283e+001
6.108862e+001 9.318308e+001 5.422552e+001
6.755371e+001 7.700459e+001 6.624938e+001
6.865604e+001 8.430087e+001 6.038679e+001
7.107813e+001 9.221127e+001 5.587261e+001
5.509473e+001 7.768291e+001 6.148542e+001
5.825734e+001 7.457551e+001 6.483257e+001
6.368095e+001 7.386001e+001 6.579878e+001
6.852860e+001 7.588737e+001 6.399611e+001
6.026579e+001 1.195193e+002 5.336880e+001
6.510486e+001 1.174258e+002 4.928464e+001
7.168610e+001 1.166823e+002 5.006651e+001
7.620390e+001 1.175429e+002 5.489606e+001
7.174171e+001 8.745357e+001 6.904379e+001
7.255201e+001 1.198500e+002 7.093059e+001
7.159320e+001 1.053991e+002 7.726534e+001
6.920103e+001 9.461070e+001 7.465393e+001
6.662843e+001 8.485234e+001 7.184937e+001
6.469569e+001 7.574322e+001 6.635014e+001
6.502260e+001 1.155180e+002 7.395785e+001
6.274289e+001 1.049444e+002 7.804759e+001
6.185966e+001 9.459456e+001 7.563200e+001
6.130352e+001 8.483670e+001 7.238619e+001
6.176067e+001 7.594387e+001 6.531510e+001
6.208331e+001 1.203403e+002 6.919930e+001
5.613846e+001 1.068632e+002 7.489165e+001
5.655099e+001 9.568906e+001 7.300718e+001
5.734084e+001 8.573584e+001 7.041267e+001
5.850470e+001 7.633244e+001 6.536433e+001
5.477640e+001 8.789826e+001 6.799065e+001
