[individuals]
1
[dimensions]
3
[landmarks]
71
[rawpoints]
'#1
5.509205e+000 1.193014e+002 1.906445e+001
3.692126e+001 1.202050e+002 1.890992e+001
2.151466e+001 1.101747e+002 1.230758e+001
2.138839e+001 8.916187e+001 2.565768e+001
1.650939e+001 7.831470e+001 3.325688e+001
2.584802e+001 7.851929e+001 3.654195e+001
1.532172e+001 1.212441e+002 7.895187e+000
2.607405e+001 1.211471e+002 7.232895e+000
2.077847e+001 1.265061e+002 1.804062e+001
2.091245e+001 1.267892e+002 2.147233e+001
2.104931e+001 1.267298e+002 2.491496e+001
2.125952e+001 1.253110e+002 2.804821e+001
1.310584e+001 1.239932e+002 2.050196e+001
1.022734e+001 1.238849e+002 2.119361e+001
9.037363e+000 1.212266e+002 2.175154e+001
8.222198e+000 1.184920e+002 2.255136e+001
2.970243e+001 1.241234e+002 2.125904e+001
3.199291e+001 1.238446e+002 2.209683e+001
3.283242e+001 1.215641e+002 2.247785e+001
3.329661e+001 1.191648e+002 2.272194e+001
9.078063e+000 1.149575e+002 2.566241e+001
6.755594e+000 1.088446e+002 2.262258e+001
9.258589e+000 1.047672e+002 1.722678e+001
1.379896e+001 9.923122e+001 1.636666e+001
3.370744e+001 1.140873e+002 2.395953e+001
3.354712e+001 1.094805e+002 1.982941e+001
3.172331e+001 1.047650e+002 1.626003e+001
2.842575e+001 9.954989e+001 1.577811e+001
8.741013e+000 1.087510e+002 2.989376e+001
6.809043e+000 1.040811e+002 2.520123e+001
7.712703e+000 1.008628e+002 1.916924e+001
3.503500e+001 1.080708e+002 2.751569e+001
3.602820e+001 1.047316e+002 2.241292e+001
3.396824e+001 1.017310e+002 1.742036e+001
9.914440e+000 1.022415e+002 3.168935e+001
8.142901e+000 1.003349e+002 2.608394e+001
9.146873e+000 9.831466e+001 2.033033e+001
3.333353e+001 1.019515e+002 3.082441e+001
3.463654e+001 1.002337e+002 2.515194e+001
3.310395e+001 9.857671e+001 1.951881e+001
1.549710e+001 8.963409e+001 3.370397e+001
1.330995e+001 9.203751e+001 2.776694e+001
1.391232e+001 9.525692e+001 2.184414e+001
2.736843e+001 8.985417e+001 3.486787e+001
3.078545e+001 9.237147e+001 2.864540e+001
2.890577e+001 9.524988e+001 2.194349e+001
1.213667e+001 8.518285e+001 3.370612e+001
1.741529e+001 8.540473e+001 4.000024e+001
2.562773e+001 8.560709e+001 3.976966e+001
3.114087e+001 8.417798e+001 3.384222e+001
1.198200e+001 1.173549e+002 1.281332e+001
1.801031e+001 1.162263e+002 9.733585e+000
2.485606e+001 1.163522e+002 1.020390e+001
3.092556e+001 1.176126e+002 1.314878e+001
3.028628e+001 9.585197e+001 3.348844e+001
2.591416e+001 1.189724e+002 2.653963e+001
2.930771e+001 1.093075e+002 3.389184e+001
2.818347e+001 1.015960e+002 3.563768e+001
2.676260e+001 9.514140e+001 3.646191e+001
2.495309e+001 8.957425e+001 3.663768e+001
2.235854e+001 1.131036e+002 3.196101e+001
2.266169e+001 1.074063e+002 3.554127e+001
2.271628e+001 1.016331e+002 3.765653e+001
2.252231e+001 9.544810e+001 3.735234e+001
2.207978e+001 8.943631e+001 3.680060e+001
1.658234e+001 1.193213e+002 2.658198e+001
1.563827e+001 1.093976e+002 3.438009e+001
1.640199e+001 1.019525e+002 3.660341e+001
1.741314e+001 9.531901e+001 3.724200e+001
1.869014e+001 8.939268e+001 3.647116e+001
1.197749e+001 9.572872e+001 3.256415e+001
