[individuals]
1
[dimensions]
3
[landmarks]
71
[rawpoints]
'#1
5.214237e+001 6.810841e+001 -9.548535e+002
8.239430e+001 7.166139e+001 -9.528703e+002
6.678647e+001 7.196171e+001 -9.675547e+002
6.840102e+001 6.312544e+001 -1.001826e+003
6.163539e+001 4.654207e+001 -1.027814e+003
7.720316e+001 4.993105e+001 -1.028337e+003
5.715058e+001 7.818053e+001 -9.423711e+002
7.713959e+001 7.879401e+001 -9.427460e+002
6.783126e+001 6.443033e+001 -9.388301e+002
6.801176e+001 5.871301e+001 -9.390121e+002
6.831664e+001 5.332199e+001 -9.409095e+002
6.874018e+001 5.007915e+001 -9.456060e+002
5.732103e+001 5.789599e+001 -9.429361e+002
5.328307e+001 6.235526e+001 -9.434926e+002
5.077751e+001 6.499038e+001 -9.483181e+002
5.194099e+001 6.574770e+001 -9.541979e+002
7.980334e+001 5.660102e+001 -9.418282e+002
8.235941e+001 6.239026e+001 -9.425006e+002
8.552019e+001 6.662303e+001 -9.460450e+002
8.418013e+001 6.771624e+001 -9.521705e+002
5.156616e+001 5.726815e+001 -9.598815e+002
4.682530e+001 6.044218e+001 -9.680018e+002
5.076037e+001 6.641616e+001 -9.748801e+002
5.583986e+001 6.967554e+001 -9.827581e+002
8.549752e+001 6.011260e+001 -9.596078e+002
8.879960e+001 6.464433e+001 -9.671006e+002
8.476138e+001 6.966799e+001 -9.738857e+002
8.026436e+001 7.167380e+001 -9.818441e+002
4.785188e+001 5.129333e+001 -9.721900e+002
4.570506e+001 5.841877e+001 -9.763774e+002
4.898821e+001 6.550809e+001 -9.798249e+002
8.987433e+001 5.543966e+001 -9.716644e+002
9.055125e+001 6.256772e+001 -9.749707e+002
8.651241e+001 6.851574e+001 -9.782130e+002
4.916575e+001 4.854833e+001 -9.843350e+002
4.768621e+001 5.659745e+001 -9.845367e+002
4.964812e+001 6.454135e+001 -9.842811e+002
8.941441e+001 5.220600e+001 -9.837670e+002
8.929408e+001 5.993899e+001 -9.831574e+002
8.647616e+001 6.716523e+001 -9.829728e+002
6.226367e+001 5.148415e+001 -1.009652e+003
5.786670e+001 5.686408e+001 -1.000899e+003
5.734229e+001 6.374656e+001 -9.921110e+002
7.630867e+001 5.273141e+001 -1.010312e+003
7.900226e+001 5.878534e+001 -1.000875e+003
7.894724e+001 6.533717e+001 -9.913870e+002
5.951797e+001 5.074763e+001 -1.019525e+003
6.492422e+001 4.534015e+001 -1.018700e+003
7.250000e+001 4.641524e+001 -1.019479e+003
7.917753e+001 5.013477e+001 -1.020331e+003
5.553869e+001 7.419505e+001 -9.550446e+002
6.299256e+001 7.677634e+001 -9.551088e+002
7.083694e+001 7.747704e+001 -9.546607e+002
7.856054e+001 7.599144e+001 -9.540542e+002
8.471137e+001 5.107940e+001 -9.964662e+002
7.530574e+001 5.249323e+001 -9.557936e+002
7.855212e+001 4.360708e+001 -9.730089e+002
7.851514e+001 4.099072e+001 -9.867807e+002
7.579392e+001 4.462548e+001 -9.989053e+002
7.250570e+001 4.905975e+001 -1.009968e+003
6.671311e+001 4.677525e+001 -9.656567e+002
6.624805e+001 4.156834e+001 -9.766502e+002
6.657881e+001 4.072052e+001 -9.878879e+002
6.747379e+001 4.319867e+001 -9.988141e+002
6.869453e+001 4.806378e+001 -1.009772e+003
6.242440e+001 5.188184e+001 -9.554453e+002
5.630449e+001 4.305509e+001 -9.737796e+002
5.619695e+001 4.097615e+001 -9.871480e+002
5.994333e+001 4.381604e+001 -9.989097e+002
6.536630e+001 4.884721e+001 -1.009660e+003
5.347935e+001 4.810781e+001 -9.968442e+002
