[individuals]
1
[dimensions]
3
[landmarks]
71
[rawpoints]
'#1
1.070384e+000 1.275377e+001 1.688450e+000
9.578220e+000 1.197229e+001 4.710878e+000
5.890857e+000 1.038513e+001 1.198856e+000
4.791988e+000 4.248761e+000 2.701918e+000
3.132338e+000 1.069168e+000 4.291721e+000
4.776831e+000 1.046165e+000 4.832163e+000
7.407224e+000 1.301042e+001 1.748199e+000
4.424908e+000 1.320584e+001 9.157890e-001
5.029584e+000 1.417938e+001 4.815378e+000
4.782070e+000 1.389104e+001 5.635794e+000
4.558923e+000 1.330378e+001 6.286047e+000
4.400233e+000 1.252140e+001 6.710531e+000
3.299255e+000 1.403712e+001 3.297910e+000
2.667825e+000 1.373328e+001 3.180575e+000
2.238884e+000 1.316914e+001 3.129872e+000
1.900865e+000 1.254968e+001 3.212245e+000
7.075051e+000 1.362511e+001 4.968280e+000
7.610064e+000 1.337383e+001 5.100411e+000
7.989190e+000 1.293202e+001 5.264668e+000
8.053639e+000 1.233018e+001 5.304538e+000
9.850000e-001 1.140748e+001 2.835062e+000
8.320031e-001 1.029886e+001 1.174257e+000
2.467407e+000 9.143311e+000 1.206437e+000
3.653652e+000 7.659149e+000 5.730510e-001
8.889610e+000 1.077853e+001 5.511656e+000
9.311510e+000 9.900003e+000 3.922639e+000
8.320483e+000 8.585872e+000 3.047557e+000
7.601150e+000 7.275477e+000 1.933826e+000
4.162960e-001 9.515141e+000 3.383308e+000
4.605679e-001 9.222220e+000 1.516275e+000
2.120245e+000 8.751493e+000 7.434224e-001
8.639400e+000 9.400023e+000 6.230984e+000
9.872049e+000 9.064051e+000 4.677583e+000
8.810225e+000 8.363821e+000 3.117542e+000
5.315000e-001 7.688628e+000 3.929304e+000
6.334193e-001 7.954228e+000 2.076813e+000
1.870908e+000 8.224206e+000 6.954303e-001
8.088216e+000 7.777717e+000 6.614153e+000
8.987942e+000 7.221165e+000 5.083384e+000
8.937795e+000 7.168690e+000 3.223940e+000
2.104400e+000 3.891426e+000 4.999496e+000
1.751475e+000 5.154383e+000 3.319829e+000
2.473673e+000 6.234611e+000 1.630887e+000
5.665036e+000 3.655122e+000 5.949198e+000
7.170186e+000 4.867686e+000 5.167425e+000
7.594236e+000 5.705594e+000 3.305886e+000
1.877700e+000 2.594898e+000 4.249807e+000
2.813419e+000 2.372163e+000 5.642460e+000
4.417717e+000 2.327902e+000 6.179827e+000
6.013740e+000 2.396314e+000 5.620930e+000
3.984989e+000 1.195677e+001 1.079004e+000
5.396023e+000 1.185105e+001 9.153701e-001
6.754164e+000 1.178976e+001 1.340384e+000
7.733666e+000 1.166948e+001 2.367506e+000
7.099528e+000 5.909467e+000 6.542368e+000
5.731631e+000 1.104143e+001 6.884965e+000
5.996738e+000 8.488160e+000 7.375462e+000
5.736291e+000 6.784626e+000 7.048863e+000
5.347873e+000 5.145534e+000 6.766000e+000
4.724148e+000 3.647659e+000 6.182676e+000
3.945502e+000 9.362103e+000 6.978462e+000
3.781031e+000 7.862849e+000 6.988035e+000
3.709351e+000 6.412661e+000 6.807893e+000
3.741393e+000 5.023217e+000 6.383834e+000
3.861306e+000 3.684556e+000 5.759904e+000
2.511098e+000 1.135982e+001 5.781408e+000
1.752317e+000 8.530478e+000 6.020840e+000
1.933628e+000 6.712250e+000 5.787051e+000
2.189121e+000 5.096454e+000 5.743258e+000
2.745070e+000 3.765811e+000 5.591454e+000
1.075669e+000 5.842529e+000 4.500691e+000
