[individuals]
1
[dimensions]
3
[landmarks]
71
[rawpoints]
'#1
6.607975e+001 4.498439e+001 -2.035878e+003
1.746026e+001 4.072546e+001 -2.034390e+003
4.049702e+001 5.912001e+001 -2.015612e+003
4.150218e+001 4.950748e+001 -1.978327e+003
5.140709e+001 3.550761e+001 -1.960284e+003
3.390629e+001 3.400607e+001 -1.961082e+003
5.114891e+001 6.477185e+001 -2.041679e+003
3.057584e+001 6.220547e+001 -2.042558e+003
4.191839e+001 4.319379e+001 -2.046366e+003
4.193442e+001 3.749595e+001 -2.046694e+003
4.185256e+001 3.188246e+001 -2.045666e+003
4.224603e+001 2.716366e+001 -2.042479e+003
5.395640e+001 3.804051e+001 -2.043938e+003
5.941225e+001 3.754932e+001 -2.042139e+003
6.512894e+001 3.743603e+001 -2.041395e+003
6.460689e+001 3.751487e+001 -2.035655e+003
3.145086e+001 3.470280e+001 -2.044356e+003
2.556099e+001 3.542441e+001 -2.042918e+003
1.959458e+001 3.593055e+001 -2.041727e+003
1.810071e+001 3.738869e+001 -2.035989e+003
6.444002e+001 3.385346e+001 -2.032039e+003
6.669254e+001 4.617086e+001 -2.022030e+003
6.235195e+001 5.976382e+001 -2.014723e+003
5.391630e+001 6.107431e+001 -2.001155e+003
2.149388e+001 3.022217e+001 -2.033294e+003
1.731590e+001 4.262431e+001 -2.023578e+003
1.868228e+001 5.598240e+001 -2.014337e+003
2.769361e+001 5.980501e+001 -2.001304e+003
7.045937e+001 3.164888e+001 -2.018463e+003
6.978920e+001 4.622301e+001 -2.017396e+003
6.496125e+001 5.804187e+001 -2.010255e+003
1.686474e+001 2.580090e+001 -2.021333e+003
1.468772e+001 4.119663e+001 -2.019215e+003
1.730173e+001 5.487316e+001 -2.011978e+003
6.719682e+001 3.095079e+001 -2.002495e+003
6.835239e+001 4.411583e+001 -1.999658e+003
6.627087e+001 5.724817e+001 -1.997229e+003
1.868437e+001 2.638926e+001 -2.005115e+003
1.612698e+001 3.882101e+001 -1.998745e+003
1.586517e+001 5.295940e+001 -1.997448e+003
5.415350e+001 3.672148e+001 -1.972131e+003
5.539160e+001 4.473281e+001 -1.981873e+003
5.405378e+001 5.297691e+001 -1.991406e+003
3.013622e+001 3.522583e+001 -1.973755e+003
2.285463e+001 3.181858e+001 -1.987750e+003
2.430760e+001 4.758824e+001 -1.990934e+003
5.480505e+001 3.459615e+001 -1.967955e+003
4.650730e+001 3.008009e+001 -1.967862e+003
3.708755e+001 2.940299e+001 -1.968115e+003
2.848393e+001 3.324065e+001 -1.968825e+003
5.713531e+001 5.597044e+001 -2.030801e+003
4.849950e+001 6.155771e+001 -2.029468e+003
3.815747e+001 6.219943e+001 -2.029925e+003
2.866014e+001 5.812045e+001 -2.030785e+003
2.341378e+001 2.917217e+001 -1.986682e+003
3.440837e+001 2.661881e+001 -2.036740e+003
3.174234e+001 1.777380e+001 -2.013845e+003
3.186292e+001 1.555499e+001 -1.998225e+003
3.366234e+001 2.037480e+001 -1.983504e+003
3.644030e+001 2.984470e+001 -1.971353e+003
4.379430e+001 1.864789e+001 -2.023229e+003
4.457057e+001 1.325329e+001 -2.009081e+003
4.461214e+001 1.385934e+001 -1.995295e+003
4.412226e+001 1.863264e+001 -1.982819e+003
4.282909e+001 2.909026e+001 -1.971461e+003
5.362582e+001 2.837885e+001 -2.036864e+003
5.727625e+001 1.929350e+001 -2.013338e+003
5.595856e+001 1.927181e+001 -1.996539e+003
5.254494e+001 2.350613e+001 -1.982836e+003
4.890956e+001 3.095283e+001 -1.971084e+003
6.068951e+001 3.212505e+001 -1.985741e+003
