[individuals]
1
[dimensions]
3
[landmarks]
71
[rawpoints]
'#1
8.672589e+001 4.099645e+001 -1.245041e+003
3.410662e+001 4.206601e+001 -1.244924e+003
5.935421e+001 5.198148e+001 -1.225198e+003
5.733286e+001 3.427489e+001 -1.192936e+003
6.631368e+001 1.013251e+001 -1.179825e+003
4.755727e+001 9.990967e+000 -1.180722e+003
6.945845e+001 5.870532e+001 -1.250695e+003
5.155233e+001 5.900996e+001 -1.249952e+003
6.078791e+001 4.532204e+001 -1.258269e+003
5.956284e+001 3.864755e+001 -1.262902e+003
5.917965e+001 3.047749e+001 -1.263684e+003
5.871913e+001 2.365958e+001 -1.259122e+003
7.115291e+001 3.783209e+001 -1.260524e+003
7.766060e+001 3.797184e+001 -1.260117e+003
8.374229e+001 3.803630e+001 -1.257763e+003
8.647399e+001 3.572630e+001 -1.252310e+003
4.600924e+001 3.454129e+001 -1.262189e+003
3.924287e+001 3.572444e+001 -1.260812e+003
3.434727e+001 3.621585e+001 -1.255824e+003
3.696311e+001 3.854622e+001 -1.249757e+003
8.228282e+001 3.268198e+001 -1.248002e+003
9.002990e+001 3.594653e+001 -1.232708e+003
8.506410e+001 4.837518e+001 -1.221507e+003
7.313017e+001 4.805508e+001 -1.208778e+003
3.639545e+001 3.829478e+001 -1.247388e+003
2.857725e+001 4.090749e+001 -1.232605e+003
3.553691e+001 5.205051e+001 -1.221934e+003
4.599170e+001 4.827702e+001 -1.209169e+003
8.689483e+001 2.361420e+001 -1.233779e+003
9.245821e+001 3.740991e+001 -1.228597e+003
8.558538e+001 4.724055e+001 -1.218387e+003
3.056610e+001 2.639372e+001 -1.234458e+003
2.558674e+001 3.742627e+001 -1.225458e+003
3.331377e+001 4.749089e+001 -1.217302e+003
8.623975e+001 1.800323e+001 -1.219253e+003
8.873293e+001 2.938351e+001 -1.211862e+003
8.486456e+001 4.130962e+001 -1.206104e+003
3.046438e+001 1.788163e+001 -1.220364e+003
2.684976e+001 3.271263e+001 -1.218690e+003
3.118391e+001 4.614200e+001 -1.212632e+003
7.332041e+001 1.325005e+001 -1.190026e+003
7.458518e+001 2.498587e+001 -1.195982e+003
7.333452e+001 3.658396e+001 -1.202206e+003
4.173166e+001 1.340538e+001 -1.189731e+003
4.134213e+001 2.510911e+001 -1.196362e+003
4.360312e+001 3.704254e+001 -1.202156e+003
7.427624e+001 1.516167e+001 -1.185094e+003
6.510888e+001 7.637815e+000 -1.186164e+003
5.323224e+001 6.864663e+000 -1.186546e+003
4.214658e+001 1.113302e+001 -1.187375e+003
7.774298e+001 5.022867e+001 -1.240700e+003
6.722092e+001 5.681870e+001 -1.237674e+003
5.445042e+001 5.726217e+001 -1.237846e+003
4.365540e+001 5.192077e+001 -1.242116e+003
3.713831e+001 1.553854e+001 -1.202621e+003
4.964209e+001 2.543926e+001 -1.249374e+003
4.309003e+001 1.146854e+001 -1.231734e+003
4.338688e+001 6.195952e+000 -1.217155e+003
4.607136e+001 5.258950e+000 -1.202834e+003
4.961032e+001 8.264093e+000 -1.189821e+003
5.765531e+001 1.616688e+001 -1.239074e+003
5.770707e+001 6.571983e+000 -1.228031e+003
5.822419e+001 4.548323e+000 -1.215447e+003
5.777718e+001 7.025800e+000 -1.202945e+003
5.793401e+001 9.767251e+000 -1.189548e+003
6.766665e+001 2.533899e+001 -1.249572e+003
7.218015e+001 1.120905e+001 -1.231450e+003
7.311459e+001 5.495715e+000 -1.216263e+003
7.147250e+001 4.547093e+000 -1.202149e+003
6.836502e+001 7.962425e+000 -1.189609e+003
8.121645e+001 1.519886e+001 -1.204665e+003
