[individuals]
1
[dimensions]
3
[landmarks]
71
[rawpoints]
'#1
4.156015e+001 2.058361e+002 2.842549e+001
8.450354e+001 2.055477e+002 2.594458e+001
6.277007e+001 1.928285e+002 1.640972e+001
6.329969e+001 1.565766e+002 2.980630e+001
5.676601e+001 1.394255e+002 4.103702e+001
6.689659e+001 1.396139e+002 4.135365e+001
5.590883e+001 2.122666e+002 1.267780e+001
6.918196e+001 2.120500e+002 1.271686e+001
6.258456e+001 2.178474e+002 3.070804e+001
6.306815e+001 2.176385e+002 3.542270e+001
6.345047e+001 2.175300e+002 4.015001e+001
6.397063e+001 2.157346e+002 4.451019e+001
5.192697e+001 2.134318e+002 3.307007e+001
4.837844e+001 2.134837e+002 3.185205e+001
4.662290e+001 2.104851e+002 3.043108e+001
4.647839e+001 2.068380e+002 2.955867e+001
7.378043e+001 2.136209e+002 3.085896e+001
7.783106e+001 2.136444e+002 2.970737e+001
8.051740e+001 2.106115e+002 2.855779e+001
7.926837e+001 2.066499e+002 2.786507e+001
4.247499e+001 2.019688e+002 3.407751e+001
3.889855e+001 1.901965e+002 3.139608e+001
4.337346e+001 1.867004e+002 2.015576e+001
5.168657e+001 1.773254e+002 1.889185e+001
8.292558e+001 2.027764e+002 3.146059e+001
8.278775e+001 1.955630e+002 2.396536e+001
7.842805e+001 1.872766e+002 1.943087e+001
7.353239e+001 1.781302e+002 1.864584e+001
4.157469e+001 1.907773e+002 4.054642e+001
3.986389e+001 1.857183e+002 3.132270e+001
4.220169e+001 1.810268e+002 2.204280e+001
8.614677e+001 1.928492e+002 3.467020e+001
8.629507e+001 1.876911e+002 2.652479e+001
8.151445e+001 1.835028e+002 1.927313e+001
4.467932e+001 1.791643e+002 4.275216e+001
4.172211e+001 1.764228e+002 3.380017e+001
4.511200e+001 1.734592e+002 2.507468e+001
8.432588e+001 1.807721e+002 3.747264e+001
8.441287e+001 1.779241e+002 2.948594e+001
8.134018e+001 1.767794e+002 2.166555e+001
5.763889e+001 1.550931e+002 3.921930e+001
5.465405e+001 1.623180e+002 3.251167e+001
5.387037e+001 1.704673e+002 2.626064e+001
6.789003e+001 1.545540e+002 3.765039e+001
6.978734e+001 1.624513e+002 3.128700e+001
7.106005e+001 1.710573e+002 2.573956e+001
5.297456e+001 1.450290e+002 4.452777e+001
5.899107e+001 1.450073e+002 4.672069e+001
6.536186e+001 1.449218e+002 4.607826e+001
7.108893e+001 1.449881e+002 4.321512e+001
5.099235e+001 2.017227e+002 2.023606e+001
5.799617e+001 2.015643e+002 1.487847e+001
6.680265e+001 2.015091e+002 1.441292e+001
7.408231e+001 2.023085e+002 1.932681e+001
7.726132e+001 1.682456e+002 3.860148e+001
7.086429e+001 2.047434e+002 3.844209e+001
7.644021e+001 1.868252e+002 4.848621e+001
7.454958e+001 1.747549e+002 4.793501e+001
7.042550e+001 1.647133e+002 4.555291e+001
6.540221e+001 1.549871e+002 4.220065e+001
6.326527e+001 1.925270e+002 4.809827e+001
6.352380e+001 1.831152e+002 5.277260e+001
6.329118e+001 1.734208e+002 5.015406e+001
6.296615e+001 1.649755e+002 4.592312e+001
6.274230e+001 1.552615e+002 4.376779e+001
5.644702e+001 2.037969e+002 3.912393e+001
5.176308e+001 1.862007e+002 4.990140e+001
5.342846e+001 1.745526e+002 4.957717e+001
5.654583e+001 1.646991e+002 4.626444e+001
6.036330e+001 1.553492e+002 4.245336e+001
5.037233e+001 1.672041e+002 4.203366e+001
