[individuals]
1
[dimensions]
3
[landmarks]
71
[rawpoints]
'#1
1.128182e+001 6.879498e+001 1.765349e+001
3.433252e+001 6.996816e+001 1.646459e+001
2.304658e+001 6.153058e+001 1.348285e+001
2.317287e+001 4.509054e+001 2.386961e+001
2.129166e+001 3.791916e+001 3.251289e+001
2.592066e+001 3.806348e+001 3.252035e+001
1.798084e+001 6.887245e+001 1.038646e+001
2.715354e+001 6.935571e+001 1.011515e+001
2.292401e+001 7.619575e+001 1.539462e+001
2.281238e+001 7.775278e+001 1.881856e+001
2.271301e+001 7.645117e+001 2.234799e+001
2.256148e+001 7.382039e+001 2.503425e+001
1.677806e+001 7.610739e+001 1.825962e+001
1.453241e+001 7.487789e+001 1.763273e+001
1.346380e+001 7.248344e+001 1.736385e+001
1.307394e+001 6.996288e+001 1.802926e+001
2.853481e+001 7.617873e+001 1.777627e+001
3.055968e+001 7.511845e+001 1.741674e+001
3.161531e+001 7.306694e+001 1.724206e+001
3.211136e+001 7.081109e+001 1.737886e+001
1.521001e+001 6.744074e+001 2.085931e+001
1.503624e+001 6.290759e+001 1.711516e+001
1.720929e+001 5.811440e+001 1.448807e+001
1.965661e+001 5.284749e+001 1.541987e+001
3.064979e+001 6.826515e+001 2.083190e+001
3.592458e+001 6.219350e+001 2.149372e+001
3.218509e+001 5.756973e+001 1.603861e+001
2.480019e+001 5.443885e+001 1.692554e+001
1.101398e+001 6.362695e+001 2.347346e+001
1.178264e+001 6.168238e+001 1.758010e+001
1.565836e+001 5.762110e+001 1.482019e+001
3.398971e+001 6.234364e+001 2.655450e+001
3.629760e+001 5.939355e+001 2.035025e+001
3.193506e+001 5.543164e+001 1.613101e+001
1.230013e+001 5.705694e+001 2.752530e+001
1.295187e+001 5.309055e+001 2.368527e+001
1.531966e+001 5.196384e+001 1.878349e+001
3.311995e+001 5.645077e+001 2.851450e+001
3.394878e+001 5.450997e+001 2.249535e+001
3.105091e+001 5.316877e+001 1.697378e+001
2.089087e+001 4.375716e+001 3.230208e+001
1.869304e+001 4.648311e+001 2.675541e+001
1.974099e+001 4.923027e+001 2.089127e+001
2.663440e+001 4.392183e+001 3.097869e+001
2.863946e+001 4.720968e+001 2.598239e+001
2.706313e+001 4.968266e+001 2.039712e+001
1.995149e+001 4.086256e+001 3.212496e+001
2.256852e+001 4.101507e+001 3.367602e+001
2.559713e+001 4.124834e+001 3.345100e+001
2.740900e+001 4.070618e+001 3.106339e+001
1.678915e+001 6.565075e+001 1.378811e+001
2.039408e+001 6.424447e+001 1.168415e+001
2.476312e+001 6.475047e+001 1.145060e+001
2.840709e+001 6.591463e+001 1.363357e+001
3.075915e+001 5.072895e+001 3.042125e+001
2.652547e+001 6.945398e+001 2.211623e+001
2.893942e+001 6.213910e+001 3.109254e+001
2.848663e+001 5.594820e+001 3.318764e+001
2.735407e+001 5.000323e+001 3.358631e+001
2.531039e+001 4.390240e+001 3.310551e+001
2.313138e+001 6.601469e+001 2.836985e+001
2.333726e+001 6.118178e+001 3.213853e+001
2.351374e+001 5.573225e+001 3.390485e+001
2.380560e+001 5.006874e+001 3.384945e+001
2.355319e+001 4.391697e+001 3.349832e+001
1.894627e+001 6.954958e+001 2.237076e+001
1.662387e+001 6.271938e+001 3.064008e+001
1.766071e+001 5.612271e+001 3.292327e+001
1.961423e+001 4.983288e+001 3.400333e+001
2.215679e+001 4.385167e+001 3.339523e+001
1.638231e+001 4.964323e+001 3.126285e+001
