[individuals]
1
[dimensions]
3
[landmarks]
71
[rawpoints]
'#1
4.134253e+000 6.894276e+001 1.353480e+001
2.661171e+001 6.905879e+001 1.354151e+001
1.554945e+001 6.143814e+001 7.473740e+000
1.626718e+001 3.914630e+001 1.492311e+001
1.446196e+001 3.061662e+001 2.197708e+001
1.889430e+001 3.111038e+001 2.205532e+001
1.048864e+001 6.976025e+001 7.439507e+000
1.979618e+001 7.030368e+001 6.186897e+000
1.530679e+001 7.437755e+001 1.316598e+001
1.512026e+001 7.448196e+001 1.669537e+001
1.516489e+001 7.262717e+001 1.970526e+001
1.548851e+001 6.995934e+001 2.200315e+001
1.062689e+001 7.356891e+001 1.606901e+001
8.596646e+000 7.271080e+001 1.588661e+001
7.661125e+000 7.070676e+001 1.587644e+001
6.533222e+000 6.880460e+001 1.591202e+001
2.037196e+001 7.424037e+001 1.599186e+001
2.225701e+001 7.309533e+001 1.564285e+001
2.331874e+001 7.114339e+001 1.542127e+001
2.441750e+001 6.921365e+001 1.518622e+001
7.348202e+000 6.479224e+001 1.787612e+001
6.350307e+000 6.129745e+001 1.302317e+001
8.908971e+000 5.750183e+001 9.046762e+000
1.200841e+001 5.244122e+001 7.804329e+000
2.325330e+001 6.519195e+001 1.555537e+001
2.537168e+001 6.078452e+001 1.214665e+001
2.378114e+001 5.655762e+001 8.256126e+000
1.939132e+001 5.256718e+001 7.673286e+000
4.026546e+000 5.930328e+001 1.887472e+001
3.006100e+000 5.582871e+001 1.404488e+001
6.584751e+000 5.460138e+001 9.340349e+000
2.741845e+001 5.880804e+001 2.014413e+001
2.864023e+001 5.617200e+001 1.442300e+001
2.534037e+001 5.442021e+001 9.205669e+000
4.996246e+000 5.303145e+001 2.001966e+001
4.048271e+000 5.176348e+001 1.463872e+001
6.758590e+000 5.202822e+001 9.735216e+000
2.615536e+001 5.167722e+001 2.196302e+001
2.748535e+001 5.122261e+001 1.580232e+001
2.525187e+001 5.184830e+001 9.924170e+000
1.386880e+001 3.736797e+001 2.070631e+001
1.108144e+001 4.217764e+001 1.670432e+001
1.201994e+001 4.690459e+001 1.183718e+001
1.867510e+001 3.737237e+001 2.158640e+001
2.202834e+001 4.245643e+001 1.758168e+001
2.134708e+001 4.694435e+001 1.187898e+001
1.220578e+001 3.353840e+001 2.172934e+001
1.501619e+001 3.358322e+001 2.338447e+001
1.826493e+001 3.386391e+001 2.330429e+001
2.079921e+001 3.399097e+001 2.125478e+001
9.543844e+000 6.565929e+001 9.226835e+000
1.309892e+001 6.449817e+001 6.604991e+000
1.765484e+001 6.464495e+001 6.313447e+000
2.130906e+001 6.595219e+001 8.721664e+000
2.330020e+001 4.382681e+001 2.262296e+001
1.924479e+001 6.690393e+001 1.968835e+001
2.191325e+001 5.654664e+001 2.603799e+001
2.147526e+001 4.937608e+001 2.604862e+001
1.994873e+001 4.286447e+001 2.505826e+001
1.746270e+001 3.731517e+001 2.293093e+001
1.663502e+001 6.084302e+001 2.504833e+001
1.644845e+001 5.479976e+001 2.688095e+001
1.636504e+001 4.884268e+001 2.700870e+001
1.634690e+001 4.308524e+001 2.495436e+001
1.615371e+001 3.729669e+001 2.298980e+001
1.241000e+001 6.651952e+001 2.006803e+001
9.496175e+000 5.689669e+001 2.560436e+001
1.031206e+001 4.996062e+001 2.571702e+001
1.191728e+001 4.349355e+001 2.482862e+001
1.482420e+001 3.732051e+001 2.263159e+001
7.642325e+000 4.564632e+001 2.084309e+001
