[individuals]
1
[dimensions]
3
[landmarks]
71
[rawpoints]
'#1
-1.760856e+001 9.131750e+001 -8.721523e+002
2.274805e+001 9.062021e+001 -8.722477e+002
2.267187e+000 7.279011e+001 -8.797834e+002
1.792761e+000 4.022500e+001 -8.616224e+002
-6.250996e+000 2.869981e+001 -8.455724e+002
6.865677e+000 2.772844e+001 -8.451931e+002
-1.051535e+001 9.181002e+001 -8.842807e+002
1.354747e+001 9.092407e+001 -8.845980e+002
2.993220e+000 1.023949e+002 -8.718472e+002
2.754297e+000 1.040975e+002 -8.657729e+002
2.922475e+000 1.021233e+002 -8.597792e+002
2.868848e+000 9.892288e+001 -8.543381e+002
-6.896469e+000 1.016099e+002 -8.638960e+002
-1.220739e+001 1.012633e+002 -8.659922e+002
-1.719300e+001 9.916309e+001 -8.678502e+002
-1.725420e+001 9.351094e+001 -8.669739e+002
1.384021e+001 1.009530e+002 -8.630814e+002
1.953988e+001 9.958872e+001 -8.651322e+002
2.392620e+001 9.525639e+001 -8.658661e+002
2.029832e+001 9.023315e+001 -8.662660e+002
-1.876932e+001 8.677985e+001 -8.647344e+002
-2.238339e+001 7.644736e+001 -8.681760e+002
-1.896161e+001 6.745610e+001 -8.744315e+002
-1.048381e+001 5.991402e+001 -8.761381e+002
2.330534e+001 8.642201e+001 -8.652368e+002
2.572963e+001 7.733278e+001 -8.707174e+002
2.167005e+001 6.835241e+001 -8.753456e+002
1.555279e+001 5.935566e+001 -8.757525e+002
-2.390679e+001 7.287292e+001 -8.569023e+002
-2.303986e+001 6.764012e+001 -8.650607e+002
-1.904061e+001 6.258876e+001 -8.723538e+002
2.729284e+001 7.456695e+001 -8.588345e+002
2.623540e+001 6.883405e+001 -8.662773e+002
2.381494e+001 6.343853e+001 -8.736608e+002
-2.281009e+001 6.093954e+001 -8.529906e+002
-2.068145e+001 5.898815e+001 -8.617732e+002
-1.754313e+001 5.816333e+001 -8.704303e+002
2.520232e+001 6.224374e+001 -8.545249e+002
2.401810e+001 6.012828e+001 -8.624300e+002
2.168221e+001 5.873004e+001 -8.702380e+002
-7.667145e+000 3.784100e+001 -8.519028e+002
-1.159583e+001 4.473288e+001 -8.598314e+002
-9.858571e+000 5.225946e+001 -8.679642e+002
1.158126e+001 3.861248e+001 -8.502913e+002
1.460069e+001 4.503536e+001 -8.588467e+002
1.429999e+001 5.232691e+001 -8.672323e+002
-9.832581e+000 3.194412e+001 -8.495129e+002
-3.649810e+000 3.259174e+001 -8.450141e+002
4.006010e+000 3.255782e+001 -8.455399e+002
1.153074e+001 3.295385e+001 -8.469926e+002
-1.191290e+001 8.569201e+001 -8.794875e+002
-2.913001e+000 8.466695e+001 -8.834326e+002
6.963705e+000 8.441830e+001 -8.835188e+002
1.627600e+001 8.539709e+001 -8.803672e+002
1.994703e+001 4.947455e+001 -8.513994e+002
1.010485e+001 8.938807e+001 -8.565694e+002
1.483316e+001 7.155171e+001 -8.450402e+002
1.277924e+001 5.871538e+001 -8.452711e+002
1.031798e+001 4.770591e+001 -8.452294e+002
6.616050e+000 3.818525e+001 -8.470226e+002
2.056776e+000 7.635809e+001 -8.463599e+002
8.108073e-001 6.699287e+001 -8.425136e+002
3.500407e-001 5.736727e+001 -8.424686e+002
6.019957e-001 4.787450e+001 -8.445842e+002
1.526180e+000 3.807204e+001 -8.467292e+002
-4.879407e+000 8.962493e+001 -8.562656e+002
-1.220822e+001 7.044306e+001 -8.450632e+002
-1.127760e+001 5.815262e+001 -8.452150e+002
-8.321252e+000 4.757112e+001 -8.463097e+002
-3.405552e+000 3.784964e+001 -8.478668e+002
-1.704680e+001 4.955092e+001 -8.516251e+002
