[individuals]
1
[dimensions]
3
[landmarks]
71
[rawpoints]
'#1
2.151534e+001 1.553862e+002 1.752400e+001
5.561455e+001 1.538367e+002 1.870797e+001
3.944751e+001 1.372887e+002 1.512121e+001
3.923357e+001 1.107055e+002 3.589939e+001
3.359475e+001 1.020376e+002 5.266528e+001
4.665824e+001 1.022161e+002 5.096282e+001
2.901236e+001 1.540067e+002 7.984661e+000
4.816861e+001 1.538289e+002 8.286777e+000
3.958346e+001 1.652386e+002 1.983110e+001
3.931725e+001 1.670013e+002 2.528649e+001
3.905797e+001 1.670770e+002 3.101939e+001
3.867424e+001 1.642759e+002 3.601391e+001
2.670541e+001 1.656277e+002 2.542492e+001
2.241167e+001 1.644115e+002 2.292016e+001
1.836861e+001 1.617043e+002 2.133471e+001
2.042005e+001 1.571969e+002 2.261095e+001
4.885533e+001 1.661359e+002 2.820716e+001
5.304668e+001 1.651998e+002 2.532673e+001
5.728795e+001 1.631773e+002 2.316776e+001
5.664664e+001 1.581233e+002 2.228166e+001
1.766125e+001 1.548535e+002 2.826268e+001
1.450517e+001 1.437440e+002 2.548015e+001
1.932869e+001 1.340590e+002 2.057405e+001
2.799841e+001 1.259466e+002 2.095531e+001
5.794996e+001 1.561280e+002 2.858323e+001
6.191755e+001 1.460638e+002 2.387244e+001
5.710727e+001 1.358472e+002 2.044859e+001
5.031548e+001 1.262402e+002 2.134136e+001
1.377912e+001 1.450703e+002 3.671172e+001
1.463041e+001 1.377072e+002 2.940501e+001
1.892641e+001 1.305118e+002 2.323211e+001
6.275824e+001 1.466211e+002 3.465860e+001
6.381683e+001 1.393810e+002 2.750694e+001
5.853155e+001 1.322387e+002 2.242671e+001
1.522980e+001 1.333476e+002 4.251016e+001
1.597491e+001 1.291045e+002 3.431037e+001
2.095414e+001 1.265089e+002 2.694378e+001
6.252540e+001 1.353023e+002 4.201880e+001
6.136197e+001 1.302771e+002 3.458747e+001
5.721043e+001 1.274078e+002 2.707990e+001
3.168833e+001 1.103058e+002 4.733810e+001
2.923643e+001 1.151281e+002 3.850441e+001
2.936480e+001 1.208403e+002 2.986391e+001
4.702675e+001 1.111636e+002 4.694684e+001
4.947374e+001 1.159980e+002 3.850587e+001
4.915604e+001 1.212256e+002 2.995063e+001
2.873257e+001 1.051547e+002 4.965616e+001
3.472885e+001 1.065583e+002 5.229790e+001
4.141683e+001 1.069703e+002 5.223035e+001
4.809365e+001 1.069725e+002 5.166243e+001
2.608213e+001 1.493460e+002 1.424465e+001
3.388934e+001 1.493372e+002 9.099916e+000
4.323762e+001 1.493850e+002 9.259952e+000
5.097824e+001 1.494478e+002 1.450395e+001
5.666749e+001 1.235810e+002 4.602381e+001
4.501939e+001 1.595373e+002 3.570757e+001
5.028805e+001 1.456080e+002 4.694146e+001
5.041406e+001 1.334579e+002 5.124040e+001
4.770615e+001 1.221234e+002 5.214086e+001
4.317343e+001 1.109806e+002 5.124040e+001
3.772498e+001 1.515459e+002 4.383711e+001
3.795131e+001 1.422962e+002 5.028272e+001
3.829964e+001 1.324106e+002 5.391570e+001
3.877060e+001 1.219050e+002 5.489114e+001
3.936031e+001 1.107623e+002 5.280531e+001
3.179913e+001 1.597596e+002 3.473123e+001
2.567157e+001 1.450197e+002 4.786124e+001
2.632697e+001 1.325434e+002 5.167949e+001
3.004985e+001 1.211601e+002 5.230333e+001
3.564211e+001 1.106093e+002 5.126560e+001
2.192595e+001 1.213938e+002 4.538607e+001
