[individuals]
1
[dimensions]
3
[landmarks]
71
[rawpoints]
'#1
-1.935593e+001 9.291376e+001 -1.291931e+003
1.518742e+001 9.218340e+001 -1.292646e+003
-2.359020e+000 7.622686e+001 -1.296819e+003
-1.602506e+000 4.591515e+001 -1.277154e+003
-7.073402e+000 3.463350e+001 -1.261262e+003
6.927167e+000 3.544487e+001 -1.261964e+003
-1.240945e+001 9.170437e+001 -1.301829e+003
9.272728e+000 9.235609e+001 -1.301346e+003
-8.125780e-001 1.015468e+002 -1.290461e+003
-4.996102e-001 1.028197e+002 -1.283846e+003
-1.613053e-001 1.029498e+002 -1.277111e+003
-7.286630e-001 9.855119e+001 -1.272030e+003
-1.276735e+001 1.024663e+002 -1.282763e+003
-1.799744e+001 1.012953e+002 -1.284415e+003
-2.258241e+001 9.839689e+001 -1.285803e+003
-2.102631e+001 9.311050e+001 -1.284698e+003
1.115145e+001 1.030219e+002 -1.281553e+003
1.542005e+001 1.014052e+002 -1.283068e+003
1.927270e+001 9.877592e+001 -1.284240e+003
1.690785e+001 9.473069e+001 -1.285323e+003
-2.224881e+001 8.781612e+001 -1.279140e+003
-2.556727e+001 7.882706e+001 -1.283245e+003
-2.154236e+001 7.125575e+001 -1.289173e+003
-1.464275e+001 6.359166e+001 -1.290696e+003
1.907083e+001 8.788261e+001 -1.278993e+003
2.180408e+001 7.968452e+001 -1.284735e+003
1.795832e+001 7.168982e+001 -1.290115e+003
1.115044e+001 6.391426e+001 -1.291034e+003
-2.625237e+001 7.828770e+001 -1.272205e+003
-2.649874e+001 7.278462e+001 -1.280269e+003
-2.311294e+001 6.740504e+001 -1.287683e+003
2.342328e+001 7.851579e+001 -1.273512e+003
2.306035e+001 7.325669e+001 -1.281524e+003
1.958035e+001 6.777679e+001 -1.288585e+003
-2.636095e+001 6.832938e+001 -1.267339e+003
-2.531860e+001 6.570641e+001 -1.276200e+003
-2.159399e+001 6.389780e+001 -1.284526e+003
2.283091e+001 6.613702e+001 -1.269825e+003
2.129834e+001 6.495914e+001 -1.278086e+003
1.771324e+001 6.365173e+001 -1.285664e+003
-1.014084e+001 4.312203e+001 -1.266155e+003
-1.394679e+001 4.985326e+001 -1.273904e+003
-1.286222e+001 5.679457e+001 -1.282300e+003
8.781036e+000 4.424569e+001 -1.267815e+003
1.112961e+001 5.021629e+001 -1.275933e+003
9.701062e+000 5.783083e+001 -1.282791e+003
-1.097344e+001 3.956936e+001 -1.264338e+003
-4.066288e+000 3.958138e+001 -1.260413e+003
3.837502e+000 4.028048e+001 -1.260810e+003
9.716027e+000 4.019164e+001 -1.266154e+003
-1.348709e+001 8.551237e+001 -1.296650e+003
-5.927440e+000 8.441936e+001 -1.300141e+003
2.458673e+000 8.457507e+001 -1.300579e+003
9.957352e+000 8.678902e+001 -1.297512e+003
1.763558e+001 5.376224e+001 -1.267941e+003
6.756953e+000 9.187349e+001 -1.273382e+003
1.266690e+001 7.566861e+001 -1.261621e+003
1.224498e+001 6.377338e+001 -1.259860e+003
8.779456e+000 5.368011e+001 -1.260868e+003
3.736067e+000 4.574529e+001 -1.262930e+003
-1.571520e+000 8.037921e+001 -1.263237e+003
-1.452866e+000 7.185703e+001 -1.260142e+003
-1.260911e+000 6.326143e+001 -1.258620e+003
-1.070163e+000 5.466938e+001 -1.259312e+003
-6.537639e-001 4.578470e+001 -1.260540e+003
-8.347007e+000 9.181891e+001 -1.273094e+003
-1.473445e+001 7.584771e+001 -1.261344e+003
-1.452687e+001 6.474148e+001 -1.258872e+003
-1.092851e+001 5.486573e+001 -1.260373e+003
-5.181494e+000 4.507746e+001 -1.262723e+003
-2.158591e+001 5.689026e+001 -1.264948e+003
