[individuals]
1
[dimensions]
3
[landmarks]
71
[rawpoints]
'#1
-1.998852e+001 9.656049e+001 -1.308019e+003
1.512502e+001 9.952495e+001 -1.314099e+003
-1.568109e+000 8.113800e+001 -1.313766e+003
-1.450987e+000 5.367316e+001 -1.292437e+003
-6.100557e+000 4.354755e+001 -1.272638e+003
7.159963e+000 4.555099e+001 -1.275203e+003
-1.365944e+001 9.793402e+001 -1.319891e+003
9.698738e+000 9.719920e+001 -1.320731e+003
-1.339539e+000 1.074802e+002 -1.310759e+003
-1.165751e+000 1.091220e+002 -1.304055e+003
-9.875224e-001 1.083493e+002 -1.297196e+003
-8.989390e-001 1.043007e+002 -1.291604e+003
-1.346474e+001 1.087401e+002 -1.300778e+003
-1.792923e+001 1.071072e+002 -1.302876e+003
-2.158191e+001 1.036639e+002 -1.304220e+003
-2.022019e+001 9.865082e+001 -1.304344e+003
1.158994e+001 1.092289e+002 -1.299886e+003
1.471743e+001 1.074397e+002 -1.305078e+003
1.785818e+001 1.039135e+002 -1.309274e+003
1.456810e+001 9.856440e+001 -1.308537e+003
-2.088902e+001 9.515966e+001 -1.295612e+003
-2.286127e+001 8.547154e+001 -1.301711e+003
-1.946206e+001 7.633623e+001 -1.308032e+003
-1.138873e+001 6.800790e+001 -1.307398e+003
1.839038e+001 9.638344e+001 -1.297250e+003
2.066609e+001 8.639791e+001 -1.304028e+003
1.893375e+001 7.565701e+001 -1.309725e+003
8.520922e+000 6.917764e+001 -1.309070e+003
-2.450855e+001 8.651807e+001 -1.289612e+003
-2.546852e+001 7.964820e+001 -1.298526e+003
-2.173262e+001 7.242510e+001 -1.306365e+003
2.272915e+001 8.866046e+001 -1.292732e+003
2.367232e+001 8.127508e+001 -1.301433e+003
1.924990e+001 7.305468e+001 -1.308066e+003
-2.379415e+001 7.457362e+001 -1.283705e+003
-2.416701e+001 7.092766e+001 -1.293093e+003
-1.887914e+001 6.701831e+001 -1.300729e+003
2.247601e+001 7.652953e+001 -1.287590e+003
2.245910e+001 7.358337e+001 -1.297239e+003
1.790051e+001 6.980626e+001 -1.305408e+003
-9.724838e+000 5.284472e+001 -1.281675e+003
-1.168246e+001 5.720486e+001 -1.290507e+003
-1.098394e+001 6.251392e+001 -1.299002e+003
8.784246e+000 5.234489e+001 -1.283163e+003
1.062816e+001 5.760624e+001 -1.291952e+003
8.892623e+000 6.340548e+001 -1.300418e+003
-1.095634e+001 4.753207e+001 -1.277260e+003
-4.317442e+000 4.811583e+001 -1.275183e+003
2.637399e+000 4.849415e+001 -1.275646e+003
9.136372e+000 4.813633e+001 -1.278168e+003
-1.294975e+001 9.063165e+001 -1.315374e+003
-5.883200e+000 8.844844e+001 -1.318117e+003
2.000287e+000 8.852847e+001 -1.318377e+003
9.444931e+000 9.021243e+001 -1.316386e+003
1.748304e+001 6.331595e+001 -1.283798e+003
7.023479e+000 9.800754e+001 -1.293100e+003
1.182176e+001 8.466046e+001 -1.280722e+003
1.190235e+001 7.382000e+001 -1.277261e+003
8.818830e+000 6.306487e+001 -1.276645e+003
3.988914e+000 5.297395e+001 -1.278720e+003
-9.663054e-001 8.786836e+001 -1.280417e+003
-5.140532e-001 8.045432e+001 -1.276949e+003
-1.595101e-001 7.234409e+001 -1.274193e+003
-1.318265e-001 6.312341e+001 -1.274023e+003
-3.559753e-001 5.292959e+001 -1.275745e+003
-6.346266e+000 9.807755e+001 -1.292796e+003
-1.199563e+001 8.353939e+001 -1.279295e+003
-1.156803e+001 7.253311e+001 -1.276757e+003
-9.390566e+000 6.245526e+001 -1.274872e+003
-5.143375e+000 5.293163e+001 -1.276893e+003
-1.728656e+001 6.240909e+001 -1.281064e+003
