[individuals]
1
[dimensions]
3
[landmarks]
71
[rawpoints]
'#1
5.626571e+000 1.291535e+002 2.006060e+001
4.160165e+001 1.292444e+002 2.139876e+001
2.308699e+001 1.117989e+002 9.683083e+000
2.241373e+001 8.576883e+001 2.848952e+001
1.812450e+001 7.461067e+001 4.262870e+001
2.673543e+001 7.497070e+001 4.255815e+001
1.551190e+001 1.276425e+002 5.181641e+000
3.112949e+001 1.272045e+002 5.603409e+000
2.389811e+001 1.382075e+002 1.547942e+001
2.390103e+001 1.392222e+002 2.031613e+001
2.394712e+001 1.388993e+002 2.524736e+001
2.370071e+001 1.358386e+002 2.911965e+001
1.632594e+001 1.386049e+002 2.265660e+001
1.216324e+001 1.358696e+002 2.263253e+001
8.988038e+000 1.320326e+002 2.256842e+001
8.403671e+000 1.270860e+002 2.256285e+001
3.160229e+001 1.379740e+002 2.240461e+001
3.480255e+001 1.364492e+002 2.147004e+001
3.678881e+001 1.333777e+002 2.122119e+001
3.816512e+001 1.300268e+002 2.178505e+001
8.422388e+000 1.268594e+002 2.601501e+001
5.004515e+000 1.167729e+002 1.983058e+001
9.493870e+000 1.090084e+002 1.139076e+001
1.743831e+001 9.962652e+001 1.211752e+001
3.911653e+001 1.254696e+002 2.598647e+001
3.906410e+001 1.186283e+002 1.753098e+001
3.395759e+001 1.103693e+002 1.262978e+001
2.966410e+001 1.003961e+002 1.199619e+001
5.704082e+000 1.158588e+002 3.119004e+001
3.103224e+000 1.086402e+002 2.327409e+001
7.821494e+000 1.046133e+002 1.416067e+001
4.229298e+001 1.170577e+002 3.003024e+001
4.253118e+001 1.102570e+002 2.208180e+001
3.813249e+001 1.063745e+002 1.341805e+001
8.403439e+000 1.048633e+002 3.526287e+001
5.323065e+000 1.029959e+002 2.520719e+001
7.196034e+000 1.007328e+002 1.493878e+001
3.810562e+001 1.045987e+002 3.358392e+001
4.018462e+001 1.000742e+002 2.517584e+001
3.854987e+001 9.861720e+001 1.565221e+001
1.540662e+001 8.170783e+001 4.028293e+001
1.430049e+001 8.830905e+001 3.120919e+001
1.511880e+001 9.318461e+001 2.107575e+001
2.969717e+001 8.216899e+001 3.928022e+001
3.081481e+001 8.791814e+001 2.999324e+001
3.018720e+001 9.369762e+001 2.067959e+001
1.419968e+001 7.935658e+001 4.172271e+001
1.926211e+001 7.820780e+001 4.395384e+001
2.489435e+001 7.864883e+001 4.385564e+001
3.016391e+001 7.935909e+001 4.194395e+001
1.304474e+001 1.236088e+002 1.242200e+001
1.903186e+001 1.206198e+002 6.129139e+000
2.821273e+001 1.205892e+002 6.450250e+000
3.420318e+001 1.238080e+002 1.262552e+001
3.235449e+001 9.163753e+001 3.686120e+001
2.959038e+001 1.328192e+002 2.907129e+001
3.178463e+001 1.207287e+002 3.832164e+001
3.070870e+001 1.085011e+002 4.236255e+001
2.874059e+001 9.558357e+001 4.345948e+001
2.633050e+001 8.176228e+001 4.227193e+001
2.358631e+001 1.271889e+002 3.482352e+001
2.318053e+001 1.199306e+002 4.046783e+001
2.303593e+001 1.096990e+002 4.316882e+001
2.245839e+001 9.705206e+001 4.455870e+001
2.226283e+001 8.170109e+001 4.230340e+001
1.854129e+001 1.327856e+002 2.783707e+001
1.446909e+001 1.203298e+002 3.808261e+001
1.481669e+001 1.087107e+002 4.202449e+001
1.655515e+001 9.593504e+001 4.340784e+001
1.856840e+001 8.171848e+001 4.243107e+001
1.171654e+001 9.373676e+001 3.805069e+001
