[individuals]
1
[dimensions]
3
[landmarks]
71
[rawpoints]
'#1
3.585256e+000 2.309993e+001 5.675526e+000
2.187966e+001 2.118605e+001 7.138630e+000
1.265634e+001 1.846892e+001 2.782799e+000
1.163143e+001 8.369314e+000 5.191710e+000
8.855011e+000 2.165549e+000 1.067155e+001
1.291821e+001 1.935191e+000 9.545860e+000
9.986855e+000 2.383761e+001 2.079407e+000
1.679927e+001 2.368914e+001 2.334297e+000
1.239427e+001 2.659230e+001 9.159284e+000
1.214374e+001 2.603412e+001 1.129554e+001
1.191234e+001 2.496944e+001 1.323222e+001
1.164415e+001 2.325069e+001 1.461479e+001
7.507010e+000 2.587217e+001 8.142656e+000
6.445809e+000 2.561786e+001 7.586638e+000
5.717919e+000 2.482229e+001 7.005971e+000
5.362379e+000 2.365491e+001 6.902418e+000
1.750876e+001 2.504871e+001 9.112248e+000
1.880029e+001 2.456971e+001 8.589417e+000
1.973686e+001 2.356083e+001 7.910268e+000
1.973410e+001 2.217962e+001 8.193834e+000
4.194031e+000 2.100691e+001 8.478786e+000
2.763651e+000 1.838443e+001 5.371696e+000
5.858835e+000 1.717391e+001 2.624119e+000
8.727900e+000 1.397740e+001 2.981358e+000
2.023693e+001 2.028368e+001 9.826195e+000
2.011010e+001 1.953670e+001 6.040235e+000
1.826181e+001 1.683314e+001 3.995190e+000
1.597787e+001 1.373434e+001 3.696381e+000
3.972700e+000 1.773024e+001 9.840648e+000
3.367405e+000 1.649068e+001 6.376621e+000
5.156537e+000 1.490729e+001 3.513700e+000
1.991432e+001 1.796555e+001 1.062850e+001
2.072686e+001 1.586237e+001 7.770805e+000
1.930052e+001 1.495209e+001 4.547911e+000
4.724410e+000 1.445356e+001 1.024467e+001
4.156997e+000 1.400175e+001 7.047932e+000
5.694871e+000 1.363426e+001 4.176420e+000
1.888416e+001 1.476613e+001 1.107711e+001
1.943705e+001 1.353341e+001 8.311261e+000
1.850614e+001 1.326875e+001 5.389236e+000
7.191159e+000 7.900213e+000 1.061709e+001
5.930426e+000 9.959038e+000 7.940803e+000
7.424509e+000 1.123115e+001 4.917693e+000
1.447100e+001 7.534704e+000 1.080392e+001
1.629128e+001 9.451888e+000 8.720851e+000
1.634668e+001 1.114178e+001 5.810751e+000
5.943850e+000 6.144307e+000 1.005787e+001
8.569524e+000 6.142483e+000 1.254181e+001
1.213132e+001 5.787895e+000 1.304524e+001
1.533659e+001 5.794299e+000 1.137487e+001
8.266103e+000 2.161986e+001 3.159695e+000
1.130536e+001 2.149689e+001 1.968987e+000
1.456470e+001 2.128493e+001 2.013530e+000
1.728353e+001 2.112032e+001 3.816406e+000
1.698804e+001 1.118601e+001 1.119581e+001
1.500206e+001 2.226079e+001 1.305670e+001
1.559821e+001 1.679204e+001 1.452067e+001
1.502912e+001 1.307720e+001 1.437343e+001
1.389487e+001 9.949517e+000 1.368264e+001
1.253354e+001 7.160594e+000 1.253467e+001
1.139155e+001 1.869782e+001 1.422971e+001
1.107573e+001 1.569576e+001 1.491579e+001
1.081125e+001 1.268064e+001 1.444241e+001
1.061183e+001 9.798060e+000 1.392230e+001
1.057675e+001 7.034199e+000 1.237162e+001
9.018844e+000 2.229293e+001 1.267295e+001
7.253155e+000 1.681913e+001 1.392410e+001
7.357604e+000 1.310661e+001 1.362371e+001
7.770995e+000 9.962978e+000 1.304167e+001
8.571643e+000 7.289075e+000 1.215923e+001
5.436895e+000 1.117689e+001 1.097843e+001
