[individuals]
1
[dimensions]
3
[landmarks]
71
[rawpoints]
'#1
-3.194688e+001 -7.419000e+001 1.441961e+002
3.352386e+001 -7.499503e+001 1.436946e+002
-1.412637e+000 -1.025324e+002 1.302165e+002
9.865910e-001 -1.493662e+002 1.515531e+002
-1.187828e+001 -1.760536e+002 1.811402e+002
1.528101e+001 -1.767872e+002 1.783506e+002
-1.394998e+001 -6.245722e+001 1.272568e+002
1.163773e+001 -6.379283e+001 1.275775e+002
2.084791e+000 -5.982968e+001 1.494750e+002
1.954050e+000 -5.948532e+001 1.586997e+002
1.576839e+000 -6.306368e+001 1.672016e+002
1.085378e+000 -7.048747e+001 1.726679e+002
-1.504688e+001 -6.270168e+001 1.622951e+002
-2.374174e+001 -6.318082e+001 1.553696e+002
-3.406027e+001 -6.163253e+001 1.515488e+002
-3.332271e+001 -7.151241e+001 1.465963e+002
1.584783e+001 -6.366959e+001 1.635338e+002
2.782229e+001 -6.419425e+001 1.570021e+002
3.854612e+001 -6.251550e+001 1.486932e+002
3.550858e+001 -7.567591e+001 1.486662e+002
-3.609303e+001 -7.252271e+001 1.562218e+002
-4.515428e+001 -8.608473e+001 1.440689e+002
-3.687025e+001 -1.008068e+002 1.327409e+002
-2.349904e+001 -1.161284e+002 1.323027e+002
3.881323e+001 -7.516339e+001 1.568809e+002
4.101387e+001 -8.692615e+001 1.414075e+002
3.603122e+001 -9.926545e+001 1.270707e+002
2.453557e+001 -1.138321e+002 1.332568e+002
-4.113304e+001 -8.932359e+001 1.675541e+002
-4.724157e+001 -1.038382e+002 1.546124e+002
-4.253563e+001 -1.096623e+002 1.356547e+002
4.605049e+001 -9.069660e+001 1.611902e+002
4.837976e+001 -1.003344e+002 1.477116e+002
3.961610e+001 -1.067943e+002 1.350049e+002
-3.922202e+001 -1.077907e+002 1.765486e+002
-4.197628e+001 -1.145788e+002 1.594708e+002
-3.809220e+001 -1.212903e+002 1.425834e+002
4.062894e+001 -1.136326e+002 1.663970e+002
4.086964e+001 -1.183533e+002 1.527268e+002
3.661866e+001 -1.193912e+002 1.389402e+002
-1.649585e+001 -1.596103e+002 1.753039e+002
-2.630676e+001 -1.398759e+002 1.689517e+002
-2.221287e+001 -1.334057e+002 1.473326e+002
1.910251e+001 -1.599638e+002 1.703153e+002
2.421360e+001 -1.448024e+002 1.579701e+002
2.520414e+001 -1.317569e+002 1.425658e+002
-1.820257e+001 -1.667410e+002 1.778345e+002
-5.190089e+000 -1.662981e+002 1.750627e+002
8.057671e+000 -1.657559e+002 1.762434e+002
2.110545e+001 -1.650923e+002 1.736900e+002
-2.958382e+001 -8.118649e+001 1.330139e+002
-9.165049e+000 -8.075563e+001 1.240293e+002
1.308145e+001 -8.245237e+001 1.242348e+002
3.345490e+001 -8.265738e+001 1.333307e+002
2.849577e+001 -1.376849e+002 1.703511e+002
1.778278e+001 -6.911208e+001 1.718284e+002
2.709124e+001 -9.930001e+001 1.899477e+002
2.266043e+001 -1.236010e+002 1.854853e+002
1.603840e+001 -1.424380e+002 1.801316e+002
1.014911e+001 -1.598013e+002 1.743408e+002
2.303298e+000 -8.600023e+001 1.857874e+002
1.355297e+000 -1.049025e+002 1.888045e+002
7.767473e-001 -1.233591e+002 1.876087e+002
9.020979e-001 -1.410861e+002 1.821633e+002
9.542251e-001 -1.589455e+002 1.747209e+002
-1.194363e+001 -6.958845e+001 1.706343e+002
-2.156206e+001 -9.731286e+001 1.887058e+002
-2.012513e+001 -1.189574e+002 1.874631e+002
-1.378895e+001 -1.384425e+002 1.821839e+002
-6.526775e+000 -1.588888e+002 1.735347e+002
-2.749285e+001 -1.296370e+002 1.803516e+002
